chrom	length	bases	mean	min	max
chr1	248956422	522485883	2.10	0	1592
chr2	242193529	322450533	1.33	0	1965
chr3	198295559	265790002	1.34	0	5457
chr4	190214555	124133695	0.65	0	634
chr5	181538259	259142254	1.43	0	879
chr6	170805979	255172611	1.49	0	1760
chr7	159345973	171500336	1.08	0	1215
chr8	145138636	209212738	1.44	0	1015
chr9	138394717	151454242	1.09	0	712
chr10	133797422	218583376	1.63	0	950
chr11	135086622	237613734	1.76	0	1668
chr12	133275309	241019013	1.81	0	3237
chr13	114364328	64734490	0.57	0	567
chr14	107043718	185148957	1.73	0	1677
chr15	101991189	215303724	2.11	0	1762
chr16	90338345	205883689	2.28	0	1276
chr17	83257441	297625252	3.57	0	1407
chr18	80373285	89273627	1.11	0	881
chr19	58617616	286644440	4.89	0	2465
chr20	64444167	162227691	2.52	0	1711
chr21	46709983	63829878	1.37	0	1152
chr22	50818468	136620968	2.69	0	932
chrX	156040895	176680530	1.13	0	1438
chrY	57227415	956714	0.02	0	579
chrM	16569	114349	6.90	0	20
chr1_KI270706v1_random	175055	319146	1.82	0	351
chr1_KI270707v1_random	32032	624	0.02	0	1
chr1_KI270708v1_random	127682	6783	0.05	0	13
chr1_KI270709v1_random	66860	22112	0.33	0	29
chr1_KI270710v1_random	40176	950	0.02	0	2
chr1_KI270711v1_random	42210	3518887	83.37	0	1911
chr1_KI270712v1_random	176043	191968	1.09	0	251
chr1_KI270713v1_random	40745	219498	5.39	0	185
chr1_KI270714v1_random	41717	164827	3.95	0	140
chr2_KI270715v1_random	161471	2248	0.01	0	1
chr2_KI270716v1_random	153799	1465	0.01	0	2
chr3_GL000221v1_random	155397	398213	2.56	0	467
chr4_GL000008v2_random	209709	314296	1.50	0	440
chr5_GL000208v1_random	92689	1122	0.01	0	1
chr9_KI270717v1_random	40062	79495	1.98	0	208
chr9_KI270718v1_random	38054	67764	1.78	0	220
chr9_KI270719v1_random	176845	239923	1.36	0	250
chr9_KI270720v1_random	39050	114921	2.94	0	187
chr11_KI270721v1_random	100316	56079	0.56	0	79
chr14_GL000009v2_random	201709	251133	1.25	0	306
chr14_GL000225v1_random	211173	1684469	7.98	0	1242
chr14_KI270722v1_random	194050	4051	0.02	0	4
chr14_GL000194v1_random	191469	163311	0.85	0	96
chr14_KI270723v1_random	38115	181465	4.76	0	356
chr14_KI270724v1_random	39555	138792	3.51	0	315
chr14_KI270725v1_random	172810	190078	1.10	0	329
chr14_KI270726v1_random	43739	253205	5.79	0	475
chr15_KI270727v1_random	448248	935629	2.09	0	264
chr16_KI270728v1_random	1872759	2255549	1.20	0	340
chr17_GL000205v2_random	185591	294124	1.58	0	425
chr17_KI270729v1_random	280839	13511	0.05	0	22
chr17_KI270730v1_random	112551	3388	0.03	0	2
chr22_KI270731v1_random	150754	353919	2.35	0	251
chr22_KI270732v1_random	41543	123519	2.97	0	625
chr22_KI270733v1_random	179772	632839	3.52	0	492
chr22_KI270734v1_random	165050	437673	2.65	0	230
chr22_KI270735v1_random	42811	8913	0.21	0	38
chr22_KI270736v1_random	181920	7093	0.04	0	3
chr22_KI270737v1_random	103838	1950	0.02	0	4
chr22_KI270738v1_random	99375	15558	0.16	0	55
chr22_KI270739v1_random	73985	392	0.01	0	1
chrUn_KI270302v1	2274	76	0.03	0	1
chrUn_KI270322v1	21476	152	0.01	0	1
chrUn_KI270320v1	4416	268	0.06	0	1
chrUn_KI270315v1	2276	152	0.07	0	1
chrUn_KI270442v1	392061	349964	0.89	0	385
chrUn_KI270466v1	1233	2080	1.69	0	7
chrUn_KI270465v1	1774	152	0.09	0	1
chrUn_KI270467v1	3920	5418	1.38	0	7
chrUn_KI270435v1	92983	1198	0.01	0	2
chrUn_KI270438v1	112505	13765	0.12	0	8
chrUn_KI270468v1	4055	99	0.02	0	1
chrUn_KI270509v1	2318	207	0.09	0	1
chrUn_KI270518v1	2186	88	0.04	0	1
chrUn_KI270516v1	1300	184	0.14	0	1
chrUn_KI270512v1	22689	257	0.01	0	1
chrUn_KI270519v1	138126	2984	0.02	0	2
chrUn_KI270522v1	5674	159	0.03	0	1
chrUn_KI270511v1	8127	101	0.01	0	1
chrUn_KI270515v1	6361	247	0.04	0	1
chrUn_KI270539v1	993	76	0.08	0	1
chrUn_KI270538v1	91309	1425	0.02	0	2
chrUn_KI270548v1	1599	110	0.07	0	1
chrUn_KI270587v1	2969	355	0.12	0	1
chrUn_KI270581v1	7046	151	0.02	0	1
chrUn_KI270579v1	31033	224	0.01	0	2
chrUn_KI270589v1	44474	718	0.02	0	1
chrUn_KI270590v1	4685	443	0.09	0	1
chrUn_KI270582v1	6504	152	0.02	0	1
chrUn_KI270588v1	6158	404	0.07	0	2
chrUn_KI270593v1	3041	36	0.01	0	1
chrUn_KI270591v1	5796	451	0.08	0	2
chrUn_KI270330v1	1652	833	0.50	0	6
chrUn_KI270333v1	2699	1736	0.64	0	3
chrUn_KI270336v1	1026	1346	1.31	0	4
chrUn_KI270337v1	1121	1724	1.54	0	8
chrUn_KI270396v1	1880	94	0.05	0	1
chrUn_KI270393v1	1308	225	0.17	0	1
chrUn_KI270374v1	2656	76	0.03	0	1
chrUn_KI270448v1	7992	76	0.01	0	1
chrUn_KI270521v1	7642	152	0.02	0	1
chrUn_GL000195v1	182896	50618	0.28	0	54
chrUn_GL000219v1	179198	317436	1.77	0	448
chrUn_GL000220v1	161802	507118	3.13	0	391
chrUn_GL000224v1	179693	34164	0.19	0	36
chrUn_KI270741v1	157432	5020	0.03	0	2
chrUn_GL000226v1	15008	1104	0.07	0	1
chrUn_GL000213v1	164239	487308	2.97	0	339
chrUn_KI270743v1	210658	67590	0.32	0	128
chrUn_KI270744v1	168472	652023	3.87	0	325
chrUn_KI270745v1	41891	94874	2.26	0	177
chrUn_KI270746v1	66486	487335	7.33	0	293
chrUn_KI270747v1	198735	65718	0.33	0	150
chrUn_KI270748v1	93321	8477	0.09	0	23
chrUn_KI270749v1	158759	32605	0.21	0	57
chrUn_KI270750v1	148850	46243	0.31	0	118
chrUn_KI270751v1	150742	236648	1.57	0	393
chrUn_KI270753v1	62944	5218	0.08	0	7
chrUn_KI270754v1	40191	13198	0.33	0	16
chrUn_KI270755v1	36723	152	0.00	0	1
chrUn_KI270756v1	79590	1013	0.01	0	3
chrUn_KI270757v1	71251	2267	0.03	0	2
chrUn_GL000214v1	137718	275854	2.00	0	444
chrUn_KI270742v1	186739	529164	2.83	0	780
chrUn_GL000216v2	176608	199141	1.13	0	573
chrUn_GL000218v1	161147	102179	0.63	0	104
chr1_KI270762v1_alt	354444	1567980	4.42	0	424
chr1_KI270766v1_alt	256271	6090625	23.77	0	863
chr1_KI270760v1_alt	109528	9780	0.09	0	6
chr1_KI270765v1_alt	185285	302148	1.63	0	357
chr1_GL383518v1_alt	182439	1731682	9.49	0	450
chr1_GL383519v1_alt	110268	1747290	15.85	0	415
chr1_GL383520v2_alt	366580	655321	1.79	0	525
chr1_KI270764v1_alt	50258	3357	0.07	0	4
chr1_KI270763v1_alt	911658	1748017	1.92	0	522
chr1_KI270759v1_alt	425601	558072	1.31	0	357
chr1_KI270761v1_alt	165834	2319641	13.99	0	1195
chr2_KI270770v1_alt	136240	6286	0.05	0	4
chr2_KI270773v1_alt	70887	76703	1.08	0	169
chr2_KI270774v1_alt	223625	266183	1.19	0	175
chr2_KI270769v1_alt	120616	252359	2.09	0	306
chr2_GL383521v1_alt	143390	24343	0.17	0	93
chr2_KI270772v1_alt	133041	201292	1.51	0	340
chr2_KI270775v1_alt	138019	2108	0.02	0	2
chr2_KI270771v1_alt	110395	2052	0.02	0	4
chr2_KI270768v1_alt	110099	200283	1.82	0	167
chr2_GL582966v2_alt	96131	168774	1.76	0	133
chr2_GL383522v1_alt	123821	613250	4.95	0	264
chr2_KI270776v1_alt	174166	268432	1.54	0	188
chr2_KI270767v1_alt	161578	49620	0.31	0	134
chr3_JH636055v2_alt	173151	467959	2.70	0	395
chr3_KI270783v1_alt	109187	2659	0.02	0	4
chr3_KI270780v1_alt	224108	214958	0.96	0	561
chr3_GL383526v1_alt	180671	311739	1.73	0	506
chr3_KI270777v1_alt	173649	380795	2.19	0	361
chr3_KI270778v1_alt	248252	4765	0.02	0	4
chr3_KI270781v1_alt	113034	9850	0.09	0	7
chr3_KI270779v1_alt	205312	4766769	23.22	0	3317
chr3_KI270782v1_alt	162429	292182	1.80	0	307
chr3_KI270784v1_alt	184404	426408	2.31	0	356
chr4_KI270790v1_alt	220246	18039	0.08	0	123
chr4_GL383528v1_alt	376187	3628	0.01	0	5
chr4_KI270787v1_alt	111943	3310	0.03	0	2
chr4_GL000257v2_alt	586476	1954834	3.33	0	490
chr4_KI270788v1_alt	158965	2193	0.01	0	4
chr4_GL383527v1_alt	164536	332812	2.02	0	152
chr4_KI270785v1_alt	119912	2432	0.02	0	3
chr4_KI270789v1_alt	205944	52765	0.26	0	58
chr4_KI270786v1_alt	244096	4560	0.02	0	3
chr5_KI270793v1_alt	126136	168058	1.33	0	368
chr5_KI270792v1_alt	179043	989328	5.53	0	505
chr5_KI270791v1_alt	195710	1634406	8.35	0	500
chr5_GL383532v1_alt	82728	1513	0.02	0	2
chr5_GL949742v1_alt	226852	14625	0.06	0	20
chr5_KI270794v1_alt	164558	413577	2.51	0	335
chr5_GL339449v2_alt	1612928	6093960	3.78	0	762
chr5_GL383530v1_alt	101241	532	0.01	0	2
chr5_KI270796v1_alt	172708	3617	0.02	0	4
chr5_GL383531v1_alt	173459	3192	0.02	0	4
chr5_KI270795v1_alt	131892	739437	5.61	0	1365
chr6_GL000250v2_alt	4672374	22628410	4.84	0	943
chr6_KI270800v1_alt	175808	164327	0.93	0	258
chr6_KI270799v1_alt	152148	1197	0.01	0	3
chr6_GL383533v1_alt	124736	124868	1.00	0	243
chr6_KI270801v1_alt	870480	1312394	1.51	0	378
chr6_KI270802v1_alt	75005	4674	0.06	0	10
chr6_KB021644v2_alt	185823	14620	0.08	0	7
chr6_KI270797v1_alt	197536	609361	3.08	0	293
chr6_KI270798v1_alt	271782	1184674	4.36	0	1861
chr7_KI270804v1_alt	157952	33064	0.21	0	91
chr7_KI270809v1_alt	209586	519574	2.48	0	474
chr7_KI270806v1_alt	158166	380468	2.41	0	389
chr7_GL383534v2_alt	119183	673497	5.65	0	357
chr7_KI270803v1_alt	1111570	6807907	6.12	0	676
chr7_KI270808v1_alt	271455	103979	0.38	0	130
chr7_KI270807v1_alt	126434	10437	0.08	0	5
chr7_KI270805v1_alt	209988	21137	0.10	0	27
chr8_KI270818v1_alt	145606	6379	0.04	0	4
chr8_KI270812v1_alt	282736	14338	0.05	0	7
chr8_KI270811v1_alt	292436	41481	0.14	0	94
chr8_KI270821v1_alt	985506	868825	0.88	0	280
chr8_KI270813v1_alt	300230	1563091	5.21	0	496
chr8_KI270822v1_alt	624492	886600	1.42	0	259
chr8_KI270814v1_alt	141812	41275	0.29	0	70
chr8_KI270810v1_alt	374415	19285	0.05	0	5
chr8_KI270819v1_alt	133535	765877	5.74	0	661
chr8_KI270820v1_alt	36640	31854	0.87	0	96
chr8_KI270817v1_alt	158983	543132	3.42	0	458
chr8_KI270816v1_alt	305841	5273652	17.24	0	949
chr8_KI270815v1_alt	132244	467311	3.53	0	420
chr9_GL383539v1_alt	162988	26258	0.16	0	31
chr9_GL383540v1_alt	71551	377207	5.27	0	305
chr9_GL383541v1_alt	171286	255353	1.49	0	199
chr9_GL383542v1_alt	60032	84388	1.41	0	103
chr9_KI270823v1_alt	439082	339272	0.77	0	180
chr10_GL383545v1_alt	179254	902405	5.03	0	1236
chr10_KI270824v1_alt	181496	359370	1.98	0	403
chr10_GL383546v1_alt	309802	948052	3.06	0	689
chr10_KI270825v1_alt	188315	874466	4.64	0	365
chr11_KI270832v1_alt	210133	1545807	7.36	0	298
chr11_KI270830v1_alt	177092	1107632	6.25	0	487
chr11_KI270831v1_alt	296895	1112345	3.75	0	468
chr11_KI270829v1_alt	204059	1052435	5.16	0	518
chr11_GL383547v1_alt	154407	2400	0.02	0	3
chr11_JH159136v1_alt	200998	1607849	8.00	0	542
chr11_JH159137v1_alt	191409	413752	2.16	0	361
chr11_KI270827v1_alt	67707	41557	0.61	0	16
chr11_KI270826v1_alt	186169	3973	0.02	0	4
chr12_GL877875v1_alt	167313	292936	1.75	0	192
chr12_GL877876v1_alt	408271	2208740	5.41	0	467
chr12_KI270837v1_alt	40090	30071	0.75	0	108
chr12_GL383549v1_alt	120804	2280	0.02	0	3
chr12_KI270835v1_alt	238139	514501	2.16	0	375
chr12_GL383550v2_alt	169178	418839	2.48	0	454
chr12_GL383552v1_alt	138655	112900	0.81	0	255
chr12_GL383553v2_alt	152874	351910	2.30	0	294
chr12_KI270834v1_alt	119498	987902	8.27	0	360
chr12_GL383551v1_alt	184319	7138	0.04	0	5
chr12_KI270833v1_alt	76061	545885	7.18	0	318
chr12_KI270836v1_alt	56134	5836	0.10	0	10
chr13_KI270840v1_alt	191684	441300	2.30	0	265
chr13_KI270839v1_alt	180306	134584	0.75	0	284
chr13_KI270843v1_alt	103832	681	0.01	0	2
chr13_KI270841v1_alt	169134	676	0.00	0	2
chr13_KI270838v1_alt	306913	197640	0.64	0	154
chr13_KI270842v1_alt	37287	3592	0.10	0	4
chr14_KI270844v1_alt	322166	1138605	3.53	0	647
chr14_KI270847v1_alt	1511111	5867447	3.88	0	668
chr14_KI270845v1_alt	180703	434110	2.40	0	751
chr14_KI270846v1_alt	1351393	23303705	17.24	0	1700
chr15_KI270852v1_alt	478999	1457112	3.04	0	387
chr15_KI270851v1_alt	263054	2893404	11.00	0	630
chr15_KI270848v1_alt	327382	2170649	6.63	0	586
chr15_GL383554v1_alt	296527	2355463	7.94	0	796
chr15_KI270849v1_alt	244917	715116	2.92	0	638
chr15_GL383555v2_alt	388773	246786	0.63	0	142
chr15_KI270850v1_alt	430880	1857537	4.31	0	495
chr16_KI270854v1_alt	134193	367268	2.74	0	310
chr16_KI270856v1_alt	63982	44361	0.69	0	184
chr16_KI270855v1_alt	232857	1442654	6.20	0	541
chr16_KI270853v1_alt	2659700	14707702	5.53	0	1012
chr16_GL383556v1_alt	192462	874802	4.55	0	397
chr16_GL383557v1_alt	89672	326613	3.64	0	256
chr17_GL383563v3_alt	375691	246252	0.66	0	209
chr17_KI270862v1_alt	391357	1123617	2.87	0	425
chr17_KI270861v1_alt	196688	3372917	17.15	0	1417
chr17_KI270857v1_alt	2877074	17606675	6.12	0	1787
chr17_JH159146v1_alt	278131	1307880	4.70	0	402
chr17_JH159147v1_alt	70345	396298	5.63	0	227
chr17_GL383564v2_alt	133151	753263	5.66	0	180
chr17_GL000258v2_alt	1821992	1488178	0.82	0	480
chr17_GL383565v1_alt	223995	7080	0.03	0	5
chr17_KI270858v1_alt	235827	50259	0.21	0	143
chr17_KI270859v1_alt	108763	65320	0.60	0	262
chr17_GL383566v1_alt	90219	15559	0.17	0	13
chr17_KI270860v1_alt	178921	630735	3.53	0	307
chr18_KI270864v1_alt	111737	1520	0.01	0	2
chr18_GL383567v1_alt	289831	134906	0.47	0	147
chr18_GL383570v1_alt	164789	8747	0.05	0	28
chr18_GL383571v1_alt	198278	523967	2.64	0	537
chr18_GL383568v1_alt	104552	3156	0.03	0	3
chr18_GL383569v1_alt	167950	22595	0.13	0	10
chr18_GL383572v1_alt	159547	311584	1.95	0	470
chr18_KI270863v1_alt	167999	374411	2.23	0	435
chr19_KI270868v1_alt	61734	326922	5.30	0	261
chr19_KI270865v1_alt	52969	149811	2.83	0	149
chr19_GL383573v1_alt	385657	485795	1.26	0	284
chr19_GL383575v2_alt	170222	376918	2.21	0	239
chr19_GL383576v1_alt	188024	330605	1.76	0	204
chr19_GL383574v1_alt	155864	344923	2.21	0	264
chr19_KI270866v1_alt	43156	295978	6.86	0	366
chr19_KI270867v1_alt	233762	611139	2.61	0	307
chr19_GL949746v1_alt	987716	13114743	13.28	0	865
chr20_GL383577v2_alt	128386	20723	0.16	0	8
chr20_KI270869v1_alt	118774	710683	5.98	0	685
chr20_KI270871v1_alt	58661	302852	5.16	0	426
chr20_KI270870v1_alt	183433	1091429	5.95	0	548
chr21_GL383578v2_alt	63917	3993	0.06	0	6
chr21_KI270874v1_alt	166743	5502	0.03	0	9
chr21_KI270873v1_alt	143900	180413	1.25	0	439
chr21_GL383579v2_alt	201197	11403	0.06	0	32
chr21_GL383580v2_alt	74653	121458	1.63	0	231
chr21_GL383581v2_alt	116689	993309	8.51	0	634
chr21_KI270872v1_alt	82692	295178	3.57	0	147
chr22_KI270875v1_alt	259914	2627799	10.11	0	705
chr22_KI270878v1_alt	186262	344022	1.85	0	640
chr22_KI270879v1_alt	304135	2579977	8.48	0	525
chr22_KI270876v1_alt	263666	1271751	4.82	0	923
chr22_KI270877v1_alt	101331	421418	4.16	0	515
chr22_GL383583v2_alt	96924	283893	2.93	0	418
chr22_GL383582v2_alt	162811	2063149	12.67	0	552
chrX_KI270880v1_alt	284869	87759	0.31	0	126
chrX_KI270881v1_alt	144206	370192	2.57	0	463
chr19_KI270882v1_alt	248807	5457152	21.93	0	915
chr19_KI270883v1_alt	170399	6231883	36.57	0	915
chr19_KI270884v1_alt	157053	4006811	25.51	0	915
chr19_KI270885v1_alt	171027	6331985	37.02	0	915
chr19_KI270886v1_alt	204239	5082377	24.88	0	894
chr19_KI270887v1_alt	209512	6171018	29.45	0	915
chr19_KI270888v1_alt	155532	4286197	27.56	0	915
chr19_KI270889v1_alt	170698	6308976	36.96	0	915
chr19_KI270890v1_alt	184499	4211164	22.82	0	914
chr19_KI270891v1_alt	170680	6390313	37.44	0	915
chr1_KI270892v1_alt	162212	2320249	14.30	0	1195
chr2_KI270894v1_alt	214158	441351	2.06	0	340
chr2_KI270893v1_alt	161218	48936	0.30	0	134
chr3_KI270895v1_alt	162896	3389787	20.81	0	3257
chr4_KI270896v1_alt	378547	549554	1.45	0	386
chr5_KI270897v1_alt	1144418	6443064	5.63	0	893
chr5_KI270898v1_alt	130957	825541	6.30	0	1365
chr6_GL000251v2_alt	4795265	61153625	12.75	0	2527
chr7_KI270899v1_alt	190869	37767	0.20	0	91
chr8_KI270901v1_alt	136959	4645	0.03	0	6
chr8_KI270900v1_alt	318687	95047	0.30	0	94
chr11_KI270902v1_alt	106711	2581113	24.19	0	1077
chr11_KI270903v1_alt	214625	1242896	5.79	0	487
chr12_KI270904v1_alt	572349	3786499	6.62	0	2942
chr15_KI270906v1_alt	196384	1088850	5.54	0	489
chr15_KI270905v1_alt	5161414	16017768	3.10	0	869
chr17_KI270907v1_alt	137721	101962	0.74	0	206
chr17_KI270910v1_alt	157099	699535	4.45	0	425
chr17_KI270909v1_alt	325800	3495074	10.73	0	1726
chr17_JH159148v1_alt	88070	251034	2.85	0	219
chr17_KI270908v1_alt	1423190	11646155	8.18	0	2157
chr18_KI270912v1_alt	174061	23734	0.14	0	10
chr18_KI270911v1_alt	157710	311067	1.97	0	470
chr19_GL949747v2_alt	729520	8479530	11.62	0	914
chr22_KB663609v1_alt	74013	686493	9.28	0	552
chrX_KI270913v1_alt	274009	81452	0.30	0	126
chr19_KI270914v1_alt	205194	5432742	26.48	0	809
chr19_KI270915v1_alt	170665	6373897	37.35	0	915
chr19_KI270916v1_alt	184516	4240378	22.98	0	915
chr19_KI270917v1_alt	190932	6668148	34.92	0	914
chr19_KI270918v1_alt	123111	4501683	36.57	0	865
chr19_KI270919v1_alt	170701	6244148	36.58	0	915
chr19_KI270920v1_alt	198005	6511083	32.88	0	914
chr19_KI270921v1_alt	282224	5835273	20.68	0	915
chr19_KI270922v1_alt	187935	6645710	35.36	0	915
chr19_KI270923v1_alt	189352	4609161	24.34	0	915
chr3_KI270924v1_alt	166540	4716303	28.32	0	3317
chr4_KI270925v1_alt	555799	62465	0.11	0	54
chr6_GL000252v2_alt	4604811	60378583	13.11	0	2527
chr8_KI270926v1_alt	229282	118679	0.52	0	104
chr11_KI270927v1_alt	218612	2716914	12.43	0	1077
chr19_GL949748v2_alt	1064304	6020644	5.66	0	915
chr22_KI270928v1_alt	176103	2229889	12.66	0	552
chr19_KI270929v1_alt	186203	6429103	34.53	0	915
chr19_KI270930v1_alt	200773	5523824	27.51	0	915
chr19_KI270931v1_alt	170148	6380471	37.50	0	915
chr19_KI270932v1_alt	215732	5426642	25.15	0	914
chr19_KI270933v1_alt	170537	5941975	34.84	0	915
chr19_GL000209v2_alt	177381	4115375	23.20	0	915
chr3_KI270934v1_alt	163458	3389991	20.74	0	3257
chr6_GL000253v2_alt	4677643	43176611	9.23	0	2527
chr19_GL949749v2_alt	1091841	6047537	5.54	0	783
chr3_KI270935v1_alt	197351	4749796	24.07	0	3317
chr6_GL000254v2_alt	4827813	55941745	11.59	0	2527
chr19_GL949750v2_alt	1066390	5544308	5.20	0	915
chr3_KI270936v1_alt	164170	3367923	20.51	0	3213
chr6_GL000255v2_alt	4606388	57894412	12.57	0	2527
chr19_GL949751v2_alt	1002683	7948557	7.93	0	914
chr3_KI270937v1_alt	165607	3526144	21.29	0	3324
chr6_GL000256v2_alt	4929269	52981137	10.75	0	2527
chr19_GL949752v1_alt	987100	15790153	16.00	0	915
chr6_KI270758v1_alt	76752	465019	6.06	0	393
chr19_GL949753v2_alt	796479	8881976	11.15	0	809
chr19_KI270938v1_alt	1066800	16719534	15.67	0	915
chrUn_KN707607v1_decoy	3033	152	0.05	0	2
chrUn_KN707608v1_decoy	3112	228	0.07	0	2
chrUn_KN707612v1_decoy	1039	152	0.15	0	2
chrUn_KN707613v1_decoy	1619	228	0.14	0	1
chrUn_KN707617v1_decoy	2545	76	0.03	0	1
chrUn_KN707619v1_decoy	1551	76	0.05	0	1
chrUn_KN707622v1_decoy	1535	145	0.09	0	1
chrUn_KN707623v1_decoy	3784	152	0.04	0	2
chrUn_KN707626v1_decoy	5623	4849	0.86	0	18
chrUn_KN707627v1_decoy	5821	152	0.03	0	2
chrUn_KN707628v1_decoy	2960	304	0.10	0	1
chrUn_KN707632v1_decoy	1424	982	0.69	0	5
chrUn_KN707633v1_decoy	1274	152	0.12	0	2
chrUn_KN707635v1_decoy	1414	76	0.05	0	1
chrUn_KN707636v1_decoy	1725	10336	5.99	0	69
chrUn_KN707637v1_decoy	5354	152	0.03	0	1
chrUn_KN707638v1_decoy	2189	152	0.07	0	2
chrUn_KN707639v1_decoy	1294	8807	6.81	0	64
chrUn_KN707640v1_decoy	1831	532	0.29	0	3
chrUn_KN707641v1_decoy	1647	836	0.51	0	4
chrUn_KN707642v1_decoy	2943	152	0.05	0	1
chrUn_KN707643v1_decoy	2857	532	0.19	0	4
chrUn_KN707645v1_decoy	1070	836	0.78	0	5
chrUn_KN707646v1_decoy	1735	76	0.04	0	1
chrUn_KN707647v1_decoy	1982	152	0.08	0	2
chrUn_KN707648v1_decoy	1564	76	0.05	0	1
chrUn_KN707649v1_decoy	1775	4332	2.44	0	35
chrUn_KN707652v1_decoy	1176	152	0.13	0	1
chrUn_KN707653v1_decoy	1890	76	0.04	0	1
chrUn_KN707655v1_decoy	2785	380	0.14	0	3
chrUn_KN707656v1_decoy	1017	152	0.15	0	1
chrUn_KN707658v1_decoy	1007	374	0.37	0	3
chrUn_KN707659v1_decoy	2605	287	0.11	0	2
chrUn_KN707660v1_decoy	8410	1872	0.22	0	4
chrUn_KN707661v1_decoy	5534	711	0.13	0	2
chrUn_KN707662v1_decoy	2173	76	0.03	0	1
chrUn_KN707665v1_decoy	2670	76	0.03	0	1
chrUn_KN707666v1_decoy	2420	45	0.02	0	1
chrUn_KN707668v1_decoy	2093	60	0.03	0	1
chrUn_KN707669v1_decoy	1184	228	0.19	0	2
chrUn_KN707670v1_decoy	1205	304	0.25	0	2
chrUn_KN707673v1_decoy	19544	2888	0.15	0	4
chrUn_KN707676v1_decoy	9066	836	0.09	0	4
chrUn_KN707680v1_decoy	1297	152	0.12	0	1
chrUn_KN707682v1_decoy	4208	152	0.04	0	2
chrUn_KN707685v1_decoy	3938	380	0.10	0	2
chrUn_KN707687v1_decoy	1136	152	0.13	0	2
chrUn_KN707688v1_decoy	4248	304	0.07	0	2
chrUn_KN707693v1_decoy	2899	76	0.03	0	1
chrUn_KN707695v1_decoy	3119	152	0.05	0	1
chrUn_KN707696v1_decoy	3828	228	0.06	0	1
chrUn_KN707704v1_decoy	2871	510	0.18	0	3
chrUn_KN707710v1_decoy	5701	228	0.04	0	1
chrUn_KN707715v1_decoy	3044	380	0.12	0	2
chrUn_KN707720v1_decoy	6028	433	0.07	0	2
chrUn_KN707727v1_decoy	2630	286	0.11	0	1
chrUn_KN707731v1_decoy	4820	441	0.09	0	1
chrUn_KN707733v1_decoy	7503	228	0.03	0	2
chrUn_KN707734v1_decoy	9652	80	0.01	0	1
chrUn_KN707735v1_decoy	1091	4536	4.16	0	26
chrUn_KN707736v1_decoy	2467	152	0.06	0	2
chrUn_KN707738v1_decoy	4365	270	0.06	0	1
chrUn_KN707740v1_decoy	10282	39780	3.87	0	118
chrUn_KN707743v1_decoy	1624	152	0.09	0	1
chrUn_KN707746v1_decoy	5083	228	0.04	0	1
chrUn_KN707747v1_decoy	2075	228	0.11	0	2
chrUn_KN707749v1_decoy	7010	152	0.02	0	1
chrUn_KN707750v1_decoy	4718	76	0.02	0	1
chrUn_KN707753v1_decoy	2144	304	0.14	0	3
chrUn_KN707755v1_decoy	5343	304	0.06	0	3
chrUn_KN707757v1_decoy	3034	304	0.10	0	2
chrUn_KN707763v1_decoy	2674	152	0.06	0	2
chrUn_KN707764v1_decoy	3912	152	0.04	0	2
chrUn_KN707765v1_decoy	6020	76	0.01	0	1
chrUn_KN707769v1_decoy	1591	134	0.08	0	1
chrUn_KN707770v1_decoy	1209	1580	1.31	0	8
chrUn_KN707771v1_decoy	3176	228	0.07	0	1
chrUn_KN707775v1_decoy	5997	760	0.13	0	2
chrUn_KN707781v1_decoy	2717	152	0.06	0	1
chrUn_KN707783v1_decoy	4373	76	0.02	0	1
chrUn_KN707784v1_decoy	3224	456	0.14	0	2
chrUn_KN707788v1_decoy	1412	225	0.16	0	1
chrUn_KN707793v1_decoy	4667	152	0.03	0	2
chrUn_KN707796v1_decoy	3473	152	0.04	0	2
chrUn_KN707797v1_decoy	4243	608	0.14	0	2
chrUn_KN707798v1_decoy	17599	66810	3.80	0	110
chrUn_KN707802v1_decoy	2666	304	0.11	0	3
chrUn_KN707804v1_decoy	4383	152	0.03	0	1
chrUn_KN707809v1_decoy	3667	1158	0.32	0	5
chrUn_KN707810v1_decoy	4563	304	0.07	0	2
chrUn_KN707814v1_decoy	4764	304	0.06	0	2
chrUn_KN707815v1_decoy	5410	17252	3.19	0	37
chrUn_KN707816v1_decoy	7150	152	0.02	0	1
chrUn_KN707817v1_decoy	1762	1194	0.68	0	12
chrUn_KN707818v1_decoy	1207	138	0.11	0	2
chrUn_KN707825v1_decoy	3040	152	0.05	0	1
chrUn_KN707826v1_decoy	2070	76	0.04	0	1
chrUn_KN707827v1_decoy	2913	228	0.08	0	2
chrUn_KN707828v1_decoy	2389	3176	1.33	0	8
chrUn_KN707829v1_decoy	1835	30	0.02	0	1
chrUn_KN707834v1_decoy	1064	13364	12.56	0	93
chrUn_KN707835v1_decoy	1932	316	0.16	0	4
chrUn_KN707840v1_decoy	3298	304	0.09	0	3
chrUn_KN707842v1_decoy	6698	684	0.10	0	2
chrUn_KN707846v1_decoy	2297	152	0.07	0	1
chrUn_KN707849v1_decoy	2790	228	0.08	0	1
chrUn_KN707851v1_decoy	4593	30	0.01	0	1
chrUn_KN707853v1_decoy	9597	1064	0.11	0	10
chrUn_KN707856v1_decoy	2300	152	0.07	0	2
chrUn_KN707857v1_decoy	5985	684	0.11	0	2
chrUn_KN707860v1_decoy	3148	380	0.12	0	3
chrUn_KN707861v1_decoy	2242	392	0.17	0	2
chrUn_KN707862v1_decoy	16513	1712	0.10	0	4
chrUn_KN707863v1_decoy	7821	330	0.04	0	2
chrUn_KN707866v1_decoy	4109	25609	6.23	0	145
chrUn_KN707867v1_decoy	1544	7374	4.78	0	70
chrUn_KN707869v1_decoy	8632	152	0.02	0	1
chrUn_KN707873v1_decoy	7591	152	0.02	0	1
chrUn_KN707874v1_decoy	5202	22963	4.41	0	71
chrUn_KN707875v1_decoy	4241	37204	8.77	0	198
chrUn_KN707876v1_decoy	4131	553	0.13	0	2
chrUn_KN707879v1_decoy	4346	380	0.09	0	2
chrUn_KN707881v1_decoy	4543	509	0.11	0	3
chrUn_KN707882v1_decoy	2772	76	0.03	0	1
chrUn_KN707883v1_decoy	2490	188	0.08	0	2
chrUn_KN707884v1_decoy	4568	758	0.17	0	3
chrUn_KN707886v1_decoy	2699	228	0.08	0	2
chrUn_KN707887v1_decoy	3534	684	0.19	0	4
chrUn_KN707892v1_decoy	2530	304	0.12	0	2
chrUn_KN707893v1_decoy	8049	456	0.06	0	2
chrUn_KN707895v1_decoy	4284	1064	0.25	0	7
chrUn_KN707896v1_decoy	33125	54954	1.66	0	15
chrUn_KN707898v1_decoy	3840	152	0.04	0	1
chrUn_KN707899v1_decoy	3087	218	0.07	0	2
chrUn_KN707900v1_decoy	2041	76	0.04	0	1
chrUn_KN707901v1_decoy	3344	152	0.05	0	1
chrUn_KN707903v1_decoy	6581	152	0.02	0	1
chrUn_KN707904v1_decoy	3968	380	0.10	0	2
chrUn_KN707905v1_decoy	2339	304	0.13	0	1
chrUn_KN707906v1_decoy	1243	27106	21.81	0	144
chrUn_KN707908v1_decoy	19837	17935	0.90	0	55
chrUn_KN707909v1_decoy	1737	152	0.09	0	2
chrUn_KN707912v1_decoy	1281	152	0.12	0	1
chrUn_KN707917v1_decoy	1265	751	0.59	0	10
chrUn_KN707918v1_decoy	2623	228	0.09	0	2
chrUn_KN707919v1_decoy	4850	304	0.06	0	4
chrUn_KN707920v1_decoy	3584	759	0.21	0	6
chrUn_KN707921v1_decoy	2561	76	0.03	0	1
chrUn_KN707923v1_decoy	1409	1583	1.12	0	9
chrUn_KN707925v1_decoy	11555	71	0.01	0	1
chrUn_KN707927v1_decoy	1079	988	0.92	0	13
chrUn_KN707929v1_decoy	1226	1042	0.85	0	12
chrUn_KN707934v1_decoy	1070	152	0.14	0	2
chrUn_KN707935v1_decoy	1312	228	0.17	0	2
chrUn_KN707939v1_decoy	5600	41	0.01	0	1
chrUn_KN707940v1_decoy	1882	532	0.28	0	2
chrUn_KN707941v1_decoy	1170	238	0.20	0	3
chrUn_KN707942v1_decoy	1300	152	0.12	0	2
chrUn_KN707944v1_decoy	2043	152	0.07	0	1
chrUn_KN707950v1_decoy	1095	380	0.35	0	2
chrUn_KN707951v1_decoy	1118	8648	7.74	0	44
chrUn_KN707952v1_decoy	1383	68	0.05	0	1
chrUn_KN707956v1_decoy	3270	152	0.05	0	2
chrUn_KN707957v1_decoy	11499	152	0.01	0	2
chrUn_KN707959v1_decoy	2294	231	0.10	0	3
chrUn_KN707960v1_decoy	1238	973	0.79	0	9
chrUn_KN707962v1_decoy	1523	1292	0.85	0	7
chrUn_KN707963v1_decoy	62955	108280	1.72	0	183
chrUn_KN707964v1_decoy	6282	360	0.06	0	2
chrUn_KN707965v1_decoy	3836	1323	0.34	0	9
chrUn_KN707966v1_decoy	6486	51172	7.89	0	180
chrUn_KN707967v1_decoy	15368	75181	4.89	0	172
chrUn_KN707968v1_decoy	9572	58729	6.14	0	339
chrUn_KN707969v1_decoy	6413	30770	4.80	0	86
chrUn_KN707970v1_decoy	4104	76	0.02	0	1
chrUn_KN707971v1_decoy	12943	100910	7.80	0	200
chrUn_KN707972v1_decoy	4650	6010	1.29	0	31
chrUn_KN707973v1_decoy	3080	76	0.02	0	1
chrUn_KN707975v1_decoy	6211	76	0.01	0	1
chrUn_KN707979v1_decoy	2648	131	0.05	0	1
chrUn_KN707980v1_decoy	2973	152	0.05	0	1
chrUn_KN707982v1_decoy	2318	129	0.06	0	1
chrUn_KN707984v1_decoy	2205	62	0.03	0	1
chrUn_KN707986v1_decoy	3869	76	0.02	0	1
chrUn_KN707987v1_decoy	1117	152	0.14	0	2
chrUn_KN707988v1_decoy	2960	32	0.01	0	1
chrUn_KN707989v1_decoy	1009	228	0.23	0	2
chrUn_KN707990v1_decoy	4048	152	0.04	0	2
chrUn_KN707991v1_decoy	2193	76	0.03	0	1
chrUn_JTFH01000001v1_decoy	25139	1190	0.05	0	3
chrUn_JTFH01000002v1_decoy	18532	1060	0.06	0	4
chrUn_JTFH01000003v1_decoy	15240	1748	0.11	0	4
chrUn_JTFH01000004v1_decoy	13739	456	0.03	0	2
chrUn_JTFH01000007v1_decoy	9891	1287	0.13	0	3
chrUn_JTFH01000009v1_decoy	9727	4004	0.41	0	14
chrUn_JTFH01000010v1_decoy	9358	230	0.02	0	2
chrUn_JTFH01000012v1_decoy	8479	34	0.00	0	1
chrUn_JTFH01000013v1_decoy	8312	247809	29.81	0	321
chrUn_JTFH01000014v1_decoy	8261	76	0.01	0	1
chrUn_JTFH01000015v1_decoy	8131	100	0.01	0	1
chrUn_JTFH01000016v1_decoy	8051	152	0.02	0	1
chrUn_JTFH01000017v1_decoy	7832	220886	28.20	0	312
chrUn_JTFH01000018v1_decoy	7710	31	0.00	0	1
chrUn_JTFH01000020v1_decoy	7479	1368	0.18	0	8
chrUn_JTFH01000022v1_decoy	7162	532	0.07	0	2
chrUn_JTFH01000023v1_decoy	7065	3937	0.56	0	6
chrUn_JTFH01000025v1_decoy	6997	243	0.03	0	5
chrUn_JTFH01000029v1_decoy	6525	20731	3.18	0	84
chrUn_JTFH01000030v1_decoy	6246	760	0.12	0	2
chrUn_JTFH01000031v1_decoy	5926	46260	7.81	0	67
chrUn_JTFH01000033v1_decoy	5898	76	0.01	0	1
chrUn_JTFH01000040v1_decoy	5246	6304	1.20	0	36
chrUn_JTFH01000041v1_decoy	5118	19986	3.91	0	103
chrUn_JTFH01000044v1_decoy	4853	152	0.03	0	2
chrUn_JTFH01000045v1_decoy	4828	988	0.20	0	4
chrUn_JTFH01000048v1_decoy	4710	760	0.16	0	2
chrUn_JTFH01000050v1_decoy	4645	22466	4.84	0	81
chrUn_JTFH01000052v1_decoy	4439	152	0.03	0	1
chrUn_JTFH01000054v1_decoy	4409	15247	3.46	0	31
chrUn_JTFH01000058v1_decoy	4290	76	0.02	0	1
chrUn_JTFH01000059v1_decoy	4242	48	0.01	0	1
chrUn_JTFH01000060v1_decoy	4228	228	0.05	0	2
chrUn_JTFH01000063v1_decoy	4210	215	0.05	0	2
chrUn_JTFH01000064v1_decoy	4206	99438	23.64	0	253
chrUn_JTFH01000068v1_decoy	3967	44060	11.11	0	184
chrUn_JTFH01000069v1_decoy	3955	76	0.02	0	1
chrUn_JTFH01000070v1_decoy	3945	6442	1.63	0	73
chrUn_JTFH01000071v1_decoy	3930	152	0.04	0	1
chrUn_JTFH01000072v1_decoy	3929	19171	4.88	0	46
chrUn_JTFH01000074v1_decoy	3919	304	0.08	0	2
chrUn_JTFH01000077v1_decoy	3890	20593	5.29	0	50
chrUn_JTFH01000079v1_decoy	3846	152	0.04	0	1
chrUn_JTFH01000084v1_decoy	3821	76	0.02	0	2
chrUn_JTFH01000089v1_decoy	3701	1672	0.45	0	10
chrUn_JTFH01000090v1_decoy	3698	5958	1.61	0	25
chrUn_JTFH01000092v1_decoy	3686	182	0.05	0	1
chrUn_JTFH01000093v1_decoy	3677	16502	4.49	0	85
chrUn_JTFH01000096v1_decoy	3611	16925	4.69	0	72
chrUn_JTFH01000097v1_decoy	3606	152	0.04	0	2
chrUn_JTFH01000099v1_decoy	3581	7576	2.12	0	19
chrUn_JTFH01000101v1_decoy	3528	5480	1.55	0	28
chrUn_JTFH01000102v1_decoy	3527	8409	2.38	0	19
chrUn_JTFH01000103v1_decoy	3496	228	0.07	0	2
chrUn_JTFH01000107v1_decoy	3391	83191	24.53	0	250
chrUn_JTFH01000111v1_decoy	3351	85026	25.37	0	461
chrUn_JTFH01000112v1_decoy	3340	52198	15.63	0	165
chrUn_JTFH01000113v1_decoy	3320	152	0.05	0	2
chrUn_JTFH01000116v1_decoy	3260	22968	7.05	0	68
chrUn_JTFH01000118v1_decoy	3253	13087	4.02	0	43
chrUn_JTFH01000119v1_decoy	3247	5074	1.56	0	69
chrUn_JTFH01000123v1_decoy	3212	28010	8.72	0	82
chrUn_JTFH01000124v1_decoy	3194	41910	13.12	0	123
chrUn_JTFH01000126v1_decoy	3177	53694	16.90	0	98
chrUn_JTFH01000127v1_decoy	3176	32358	10.19	0	107
chrUn_JTFH01000128v1_decoy	3173	32	0.01	0	1
chrUn_JTFH01000129v1_decoy	3170	50557	15.95	0	176
chrUn_JTFH01000132v1_decoy	3143	25129	8.00	0	181
chrUn_JTFH01000133v1_decoy	3137	29928	9.54	0	83
chrUn_JTFH01000134v1_decoy	3116	41326	13.26	0	143
chrUn_JTFH01000135v1_decoy	3106	36252	11.67	0	191
chrUn_JTFH01000136v1_decoy	3093	11317	3.66	0	32
chrUn_JTFH01000137v1_decoy	3079	3268	1.06	0	18
chrUn_JTFH01000140v1_decoy	3015	13657	4.53	0	63
chrUn_JTFH01000144v1_decoy	2997	41898	13.98	0	295
chrUn_JTFH01000145v1_decoy	2983	20632	6.92	0	57
chrUn_JTFH01000146v1_decoy	2979	14265	4.79	0	92
chrUn_JTFH01000148v1_decoy	2967	743	0.25	0	5
chrUn_JTFH01000150v1_decoy	2954	82331	27.87	0	253
chrUn_JTFH01000151v1_decoy	2952	7209	2.44	0	29
chrUn_JTFH01000153v1_decoy	2918	3485	1.19	0	20
chrUn_JTFH01000154v1_decoy	2895	33774	11.67	0	70
chrUn_JTFH01000156v1_decoy	2879	1022	0.35	0	16
chrUn_JTFH01000157v1_decoy	2878	5005	1.74	0	35
chrUn_JTFH01000158v1_decoy	2872	13524	4.71	0	29
chrUn_JTFH01000159v1_decoy	2868	25031	8.73	0	94
chrUn_JTFH01000162v1_decoy	2864	152	0.05	0	2
chrUn_JTFH01000163v1_decoy	2859	112	0.04	0	1
chrUn_JTFH01000164v1_decoy	2854	140	0.05	0	2
chrUn_JTFH01000167v1_decoy	2824	228	0.08	0	2
chrUn_JTFH01000168v1_decoy	2819	76	0.03	0	1
chrUn_JTFH01000174v1_decoy	2778	76	0.03	0	1
chrUn_JTFH01000178v1_decoy	2767	271	0.10	0	2
chrUn_JTFH01000179v1_decoy	2763	69468	25.14	0	197
chrUn_JTFH01000180v1_decoy	2745	40101	14.61	0	119
chrUn_JTFH01000181v1_decoy	2742	29242	10.66	0	164
chrUn_JTFH01000182v1_decoy	2736	76	0.03	0	1
chrUn_JTFH01000183v1_decoy	2729	76	0.03	0	1
chrUn_JTFH01000185v1_decoy	2719	2505	0.92	0	10
chrUn_JTFH01000186v1_decoy	2715	152	0.06	0	1
chrUn_JTFH01000190v1_decoy	2691	228	0.08	0	2
chrUn_JTFH01000191v1_decoy	2690	67950	25.26	0	216
chrUn_JTFH01000192v1_decoy	2687	12198	4.54	0	41
chrUn_JTFH01000194v1_decoy	2668	61	0.02	0	1
chrUn_JTFH01000195v1_decoy	2668	152	0.06	0	1
chrUn_JTFH01000196v1_decoy	2663	563	0.21	0	3
chrUn_JTFH01000199v1_decoy	2642	380	0.14	0	2
chrUn_JTFH01000200v1_decoy	2632	152	0.06	0	1
chrUn_JTFH01000202v1_decoy	2628	37981	14.45	0	117
chrUn_JTFH01000204v1_decoy	2622	216	0.08	0	3
chrUn_JTFH01000205v1_decoy	2619	15230	5.82	0	47
chrUn_JTFH01000206v1_decoy	2605	1816	0.70	0	8
chrUn_JTFH01000207v1_decoy	2603	37829	14.53	0	100
chrUn_JTFH01000208v1_decoy	2601	684	0.26	0	4
chrUn_JTFH01000212v1_decoy	2594	83360	32.14	0	366
chrUn_JTFH01000214v1_decoy	2585	2225	0.86	0	11
chrUn_JTFH01000217v1_decoy	2569	26271	10.23	0	140
chrUn_JTFH01000218v1_decoy	2569	34152	13.29	0	74
chrUn_JTFH01000221v1_decoy	2548	12197	4.79	0	114
chrUn_JTFH01000222v1_decoy	2546	13942	5.48	0	41
chrUn_JTFH01000223v1_decoy	2545	28698	11.28	0	315
chrUn_JTFH01000225v1_decoy	2533	76343	30.14	0	135
chrUn_JTFH01000226v1_decoy	2522	28806	11.42	0	79
chrUn_JTFH01000227v1_decoy	2522	101	0.04	0	1
chrUn_JTFH01000230v1_decoy	2507	21058	8.40	0	89
chrUn_JTFH01000231v1_decoy	2504	2757	1.10	0	26
chrUn_JTFH01000234v1_decoy	2465	7828	3.18	0	48
chrUn_JTFH01000235v1_decoy	2464	76	0.03	0	1
chrUn_JTFH01000241v1_decoy	2432	120430	49.52	0	371
chrUn_JTFH01000242v1_decoy	2427	15489	6.38	0	75
chrUn_JTFH01000248v1_decoy	2402	228	0.09	0	2
chrUn_JTFH01000249v1_decoy	2397	14530	6.06	0	47
chrUn_JTFH01000251v1_decoy	2394	228	0.10	0	1
chrUn_JTFH01000257v1_decoy	2364	58983	24.95	0	244
chrUn_JTFH01000258v1_decoy	2363	54012	22.86	0	227
chrUn_JTFH01000260v1_decoy	2339	1368	0.58	0	15
chrUn_JTFH01000263v1_decoy	2331	27769	11.91	0	136
chrUn_JTFH01000264v1_decoy	2330	16046	6.89	0	40
chrUn_JTFH01000268v1_decoy	2308	6958	3.01	0	22
chrUn_JTFH01000272v1_decoy	2279	532	0.23	0	2
chrUn_JTFH01000273v1_decoy	2276	137	0.06	0	2
chrUn_JTFH01000274v1_decoy	2273	34874	15.34	0	150
chrUn_JTFH01000277v1_decoy	2252	45189	20.07	0	188
chrUn_JTFH01000280v1_decoy	2223	879	0.40	0	9
chrUn_JTFH01000281v1_decoy	2220	39301	17.70	0	124
chrUn_JTFH01000282v1_decoy	2218	76	0.03	0	1
chrUn_JTFH01000284v1_decoy	2213	456	0.21	0	1
chrUn_JTFH01000285v1_decoy	2203	76	0.03	0	1
chrUn_JTFH01000291v1_decoy	2177	143	0.07	0	2
chrUn_JTFH01000295v1_decoy	2160	9486	4.39	0	48
chrUn_JTFH01000297v1_decoy	2144	10376	4.84	0	62
chrUn_JTFH01000299v1_decoy	2136	35	0.02	0	1
chrUn_JTFH01000300v1_decoy	2134	76	0.04	0	1
chrUn_JTFH01000302v1_decoy	2128	36153	16.99	0	120
chrUn_JTFH01000304v1_decoy	2125	912	0.43	0	4
chrUn_JTFH01000306v1_decoy	2111	152	0.07	0	2
chrUn_JTFH01000308v1_decoy	2094	1024	0.49	0	15
chrUn_JTFH01000311v1_decoy	2086	6567	3.15	0	77
chrUn_JTFH01000312v1_decoy	2086	40	0.02	0	1
chrUn_JTFH01000315v1_decoy	2079	15614	7.51	0	77
chrUn_JTFH01000316v1_decoy	2076	83	0.04	0	1
chrUn_JTFH01000317v1_decoy	2071	97176	46.92	0	239
chrUn_JTFH01000319v1_decoy	2061	61695	29.93	0	220
chrUn_JTFH01000321v1_decoy	2053	273	0.13	0	7
chrUn_JTFH01000323v1_decoy	2036	62532	30.71	0	255
chrUn_JTFH01000324v1_decoy	2035	42836	21.05	0	156
chrUn_JTFH01000326v1_decoy	2032	1672	0.82	0	13
chrUn_JTFH01000329v1_decoy	2021	17244	8.53	0	100
chrUn_JTFH01000340v1_decoy	1992	94459	47.42	0	252
chrUn_JTFH01000342v1_decoy	1981	11454	5.78	0	39
chrUn_JTFH01000343v1_decoy	1977	39697	20.08	0	103
chrUn_JTFH01000344v1_decoy	1971	228	0.12	0	3
chrUn_JTFH01000345v1_decoy	1968	16561	8.42	0	94
chrUn_JTFH01000346v1_decoy	1962	34356	17.51	0	181
chrUn_JTFH01000347v1_decoy	1961	14338	7.31	0	56
chrUn_JTFH01000348v1_decoy	1960	44362	22.63	0	138
chrUn_JTFH01000349v1_decoy	1960	1332	0.68	0	12
chrUn_JTFH01000351v1_decoy	1952	33459	17.14	0	163
chrUn_JTFH01000352v1_decoy	1947	152	0.08	0	2
chrUn_JTFH01000360v1_decoy	1924	608	0.32	0	5
chrUn_JTFH01000361v1_decoy	1923	5006	2.60	0	35
chrUn_JTFH01000364v1_decoy	1915	76	0.04	0	1
chrUn_JTFH01000366v1_decoy	1914	21026	10.99	0	64
chrUn_JTFH01000368v1_decoy	1910	149	0.08	0	1
chrUn_JTFH01000371v1_decoy	1897	38	0.02	0	1
chrUn_JTFH01000373v1_decoy	1890	76	0.04	0	1
chrUn_JTFH01000374v1_decoy	1888	103	0.05	0	2
chrUn_JTFH01000378v1_decoy	1879	40498	21.55	0	216
chrUn_JTFH01000379v1_decoy	1877	76	0.04	0	1
chrUn_JTFH01000380v1_decoy	1876	380	0.20	0	2
chrUn_JTFH01000383v1_decoy	1872	83788	44.76	0	265
chrUn_JTFH01000390v1_decoy	1862	1976	1.06	0	15
chrUn_JTFH01000392v1_decoy	1856	10014	5.40	0	42
chrUn_JTFH01000394v1_decoy	1854	152	0.08	0	1
chrUn_JTFH01000395v1_decoy	1850	10120	5.47	0	35
chrUn_JTFH01000396v1_decoy	1849	15208	8.22	0	58
chrUn_JTFH01000397v1_decoy	1849	22600	12.22	0	109
chrUn_JTFH01000399v1_decoy	1839	76	0.04	0	1
chrUn_JTFH01000402v1_decoy	1815	14317	7.89	0	49
chrUn_JTFH01000403v1_decoy	1811	225	0.12	0	1
chrUn_JTFH01000405v1_decoy	1808	152	0.08	0	2
chrUn_JTFH01000407v1_decoy	1807	26658	14.75	0	183
chrUn_JTFH01000410v1_decoy	1800	44073	24.48	0	338
chrUn_JTFH01000411v1_decoy	1795	228	0.13	0	1
chrUn_JTFH01000418v1_decoy	1781	17798	9.99	0	96
chrUn_JTFH01000419v1_decoy	1781	8889	4.99	0	33
chrUn_JTFH01000420v1_decoy	1779	5597	3.15	0	33
chrUn_JTFH01000423v1_decoy	1762	37989	21.56	0	227
chrUn_JTFH01000424v1_decoy	1755	1366	0.78	0	28
chrUn_JTFH01000427v1_decoy	1746	76	0.04	0	1
chrUn_JTFH01000429v1_decoy	1744	41667	23.89	0	78
chrUn_JTFH01000430v1_decoy	1742	34525	19.82	0	168
chrUn_JTFH01000433v1_decoy	1736	1596	0.92	0	7
chrUn_JTFH01000436v1_decoy	1732	13735	7.93	0	152
chrUn_JTFH01000443v1_decoy	1708	8221	4.81	0	70
chrUn_JTFH01000444v1_decoy	1707	304	0.18	0	2
chrUn_JTFH01000447v1_decoy	1704	13688	8.03	0	77
chrUn_JTFH01000451v1_decoy	1697	228	0.13	0	2
chrUn_JTFH01000457v1_decoy	1680	228	0.14	0	2
chrUn_JTFH01000458v1_decoy	1679	304	0.18	0	2
chrUn_JTFH01000459v1_decoy	1679	3665	2.18	0	12
chrUn_JTFH01000460v1_decoy	1678	152	0.09	0	2
chrUn_JTFH01000465v1_decoy	1665	304	0.18	0	2
chrUn_JTFH01000466v1_decoy	1663	152	0.09	0	1
chrUn_JTFH01000471v1_decoy	1649	33578	20.36	0	148
chrUn_JTFH01000473v1_decoy	1640	152	0.09	0	1
chrUn_JTFH01000475v1_decoy	1636	35	0.02	0	1
chrUn_JTFH01000480v1_decoy	1624	39203	24.14	0	112
chrUn_JTFH01000481v1_decoy	1617	15024	9.29	0	47
chrUn_JTFH01000486v1_decoy	1606	21316	13.27	0	87
chrUn_JTFH01000487v1_decoy	1605	15043	9.37	0	129
chrUn_JTFH01000489v1_decoy	1600	228	0.14	0	1
chrUn_JTFH01000490v1_decoy	1598	8018	5.02	0	34
chrUn_JTFH01000492v1_decoy	1597	4983	3.12	0	44
chrUn_JTFH01000493v1_decoy	1596	684	0.43	0	6
chrUn_JTFH01000497v1_decoy	1585	10755	6.79	0	142
chrUn_JTFH01000498v1_decoy	1579	152	0.10	0	1
chrUn_JTFH01000499v1_decoy	1578	152	0.10	0	2
chrUn_JTFH01000502v1_decoy	1577	152	0.10	0	2
chrUn_JTFH01000506v1_decoy	1572	60038	38.19	0	202
chrUn_JTFH01000509v1_decoy	1561	3155	2.02	0	21
chrUn_JTFH01000510v1_decoy	1561	11558	7.40	0	28
chrUn_JTFH01000517v1_decoy	1541	14896	9.67	0	60
chrUn_JTFH01000520v1_decoy	1532	26938	17.58	0	137
chrUn_JTFH01000525v1_decoy	1524	608	0.40	0	4
chrUn_JTFH01000526v1_decoy	1523	15746	10.34	0	93
chrUn_JTFH01000529v1_decoy	1522	76	0.05	0	1
chrUn_JTFH01000534v1_decoy	1505	1849	1.23	0	15
chrUn_JTFH01000536v1_decoy	1496	152	0.10	0	1
chrUn_JTFH01000537v1_decoy	1491	4865	3.26	0	14
chrUn_JTFH01000543v1_decoy	1484	152	0.10	0	2
chrUn_JTFH01000544v1_decoy	1483	23363	15.75	0	79
chrUn_JTFH01000545v1_decoy	1479	122	0.08	0	2
chrUn_JTFH01000546v1_decoy	1479	8153	5.51	0	69
chrUn_JTFH01000550v1_decoy	1469	2660	1.81	0	15
chrUn_JTFH01000553v1_decoy	1465	76	0.05	0	1
chrUn_JTFH01000557v1_decoy	1459	1907	1.31	0	18
chrUn_JTFH01000559v1_decoy	1458	76	0.05	0	1
chrUn_JTFH01000561v1_decoy	1454	73603	50.62	0	409
chrUn_JTFH01000562v1_decoy	1449	1247	0.86	0	17
chrUn_JTFH01000564v1_decoy	1448	1113	0.77	0	6
chrUn_JTFH01000565v1_decoy	1446	76	0.05	0	1
chrUn_JTFH01000569v1_decoy	1439	3192	2.22	0	19
chrUn_JTFH01000578v1_decoy	1424	4176	2.93	0	32
chrUn_JTFH01000581v1_decoy	1423	76	0.05	0	1
chrUn_JTFH01000584v1_decoy	1413	12268	8.68	0	52
chrUn_JTFH01000586v1_decoy	1410	76	0.05	0	1
chrUn_JTFH01000588v1_decoy	1409	251	0.18	0	7
chrUn_JTFH01000589v1_decoy	1406	9722	6.91	0	40
chrUn_JTFH01000591v1_decoy	1405	8459	6.02	0	43
chrUn_JTFH01000594v1_decoy	1402	76	0.05	0	1
chrUn_JTFH01000596v1_decoy	1402	1236	0.88	0	3
chrUn_JTFH01000600v1_decoy	1396	62127	44.50	0	306
chrUn_JTFH01000602v1_decoy	1394	31300	22.45	0	225
chrUn_JTFH01000605v1_decoy	1389	208	0.15	0	3
chrUn_JTFH01000609v1_decoy	1384	246	0.18	0	3
chrUn_JTFH01000611v1_decoy	1381	76	0.06	0	1
chrUn_JTFH01000615v1_decoy	1376	152	0.11	0	1
chrUn_JTFH01000616v1_decoy	1375	76	0.06	0	1
chrUn_JTFH01000617v1_decoy	1374	152	0.11	0	1
chrUn_JTFH01000619v1_decoy	1371	33	0.02	0	1
chrUn_JTFH01000620v1_decoy	1370	20599	15.04	0	267
chrUn_JTFH01000621v1_decoy	1370	742	0.54	0	5
chrUn_JTFH01000627v1_decoy	1355	132	0.10	0	2
chrUn_JTFH01000628v1_decoy	1352	68685	50.80	0	264
chrUn_JTFH01000629v1_decoy	1345	13478	10.02	0	57
chrUn_JTFH01000633v1_decoy	1342	152	0.11	0	2
chrUn_JTFH01000637v1_decoy	1333	76	0.06	0	1
chrUn_JTFH01000638v1_decoy	1332	3826	2.87	0	18
chrUn_JTFH01000641v1_decoy	1328	49268	37.10	0	259
chrUn_JTFH01000645v1_decoy	1320	24407	18.49	0	100
chrUn_JTFH01000647v1_decoy	1318	76	0.06	0	1
chrUn_JTFH01000650v1_decoy	1313	3385	2.58	0	22
chrUn_JTFH01000652v1_decoy	1312	129	0.10	0	1
chrUn_JTFH01000656v1_decoy	1307	152	0.12	0	1
chrUn_JTFH01000657v1_decoy	1307	152	0.12	0	1
chrUn_JTFH01000659v1_decoy	1304	76	0.06	0	1
chrUn_JTFH01000660v1_decoy	1303	23026	17.67	0	108
chrUn_JTFH01000661v1_decoy	1302	140	0.11	0	1
chrUn_JTFH01000664v1_decoy	1301	36	0.03	0	1
chrUn_JTFH01000665v1_decoy	1300	3711	2.85	0	25
chrUn_JTFH01000667v1_decoy	1297	1525	1.18	0	19
chrUn_JTFH01000672v1_decoy	1291	380	0.29	0	2
chrUn_JTFH01000673v1_decoy	1289	120	0.09	0	1
chrUn_JTFH01000674v1_decoy	1288	729	0.57	0	12
chrUn_JTFH01000678v1_decoy	1287	185	0.14	0	1
chrUn_JTFH01000681v1_decoy	1281	76	0.06	0	1
chrUn_JTFH01000682v1_decoy	1277	228	0.18	0	3
chrUn_JTFH01000700v1_decoy	1248	2602	2.08	0	21
chrUn_JTFH01000702v1_decoy	1242	108	0.09	0	1
chrUn_JTFH01000703v1_decoy	1242	152	0.12	0	2
chrUn_JTFH01000704v1_decoy	1241	27027	21.78	0	210
chrUn_JTFH01000707v1_decoy	1239	5521	4.46	0	35
chrUn_JTFH01000712v1_decoy	1234	2356	1.91	0	24
chrUn_JTFH01000715v1_decoy	1233	61254	49.68	1	386
chrUn_JTFH01000717v1_decoy	1232	5758	4.67	0	42
chrUn_JTFH01000729v1_decoy	1217	152	0.12	0	1
chrUn_JTFH01000730v1_decoy	1216	8755	7.20	0	38
chrUn_JTFH01000732v1_decoy	1214	95255	78.46	2	427
chrUn_JTFH01000734v1_decoy	1214	792	0.65	0	5
chrUn_JTFH01000746v1_decoy	1204	3849	3.20	0	18
chrUn_JTFH01000749v1_decoy	1203	1809	1.50	0	22
chrUn_JTFH01000750v1_decoy	1201	1434	1.19	0	11
chrUn_JTFH01000753v1_decoy	1200	76	0.06	0	1
chrUn_JTFH01000754v1_decoy	1199	74	0.06	0	2
chrUn_JTFH01000759v1_decoy	1194	247	0.21	0	1
chrUn_JTFH01000762v1_decoy	1189	368	0.31	0	1
chrUn_JTFH01000765v1_decoy	1184	5850	4.94	0	65
chrUn_JTFH01000767v1_decoy	1183	684	0.58	0	5
chrUn_JTFH01000774v1_decoy	1178	152	0.13	0	2
chrUn_JTFH01000778v1_decoy	1171	228	0.19	0	1
chrUn_JTFH01000780v1_decoy	1171	421	0.36	0	2
chrUn_JTFH01000784v1_decoy	1167	434	0.37	0	2
chrUn_JTFH01000788v1_decoy	1162	76	0.07	0	1
chrUn_JTFH01000789v1_decoy	1157	76	0.07	0	1
chrUn_JTFH01000791v1_decoy	1156	380	0.33	0	3
chrUn_JTFH01000795v1_decoy	1151	608	0.53	0	2
chrUn_JTFH01000796v1_decoy	1150	10375	9.02	0	74
chrUn_JTFH01000798v1_decoy	1147	228	0.20	0	2
chrUn_JTFH01000801v1_decoy	1144	380	0.33	0	3
chrUn_JTFH01000806v1_decoy	1141	21462	18.81	0	143
chrUn_JTFH01000809v1_decoy	1134	215	0.19	0	2
chrUn_JTFH01000815v1_decoy	1127	20124	17.86	0	107
chrUn_JTFH01000817v1_decoy	1124	532	0.47	0	2
chrUn_JTFH01000820v1_decoy	1121	13343	11.90	0	67
chrUn_JTFH01000824v1_decoy	1119	970	0.87	0	5
chrUn_JTFH01000828v1_decoy	1115	76	0.07	0	1
chrUn_JTFH01000837v1_decoy	1108	832	0.75	0	3
chrUn_JTFH01000843v1_decoy	1103	71168	64.52	0	257
chrUn_JTFH01000844v1_decoy	1103	59680	54.11	1	244
chrUn_JTFH01000845v1_decoy	1103	48369	43.85	0	197
chrUn_JTFH01000848v1_decoy	1098	228	0.21	0	2
chrUn_JTFH01000850v1_decoy	1096	3121	2.85	0	16
chrUn_JTFH01000851v1_decoy	1096	228	0.21	0	2
chrUn_JTFH01000852v1_decoy	1094	152	0.14	0	2
chrUn_JTFH01000856v1_decoy	1087	93	0.09	0	1
chrUn_JTFH01000864v1_decoy	1083	44219	40.83	0	93
chrUn_JTFH01000867v1_decoy	1081	5312	4.91	0	21
chrUn_JTFH01000870v1_decoy	1076	76878	71.45	0	481
chrUn_JTFH01000871v1_decoy	1074	120	0.11	0	1
chrUn_JTFH01000872v1_decoy	1073	285	0.27	0	3
chrUn_JTFH01000875v1_decoy	1069	76	0.07	0	1
chrUn_JTFH01000878v1_decoy	1067	350	0.33	0	1
chrUn_JTFH01000879v1_decoy	1066	152	0.14	0	2
chrUn_JTFH01000880v1_decoy	1065	76	0.07	0	1
chrUn_JTFH01000882v1_decoy	1065	152	0.14	0	2
chrUn_JTFH01000885v1_decoy	1064	12392	11.65	0	79
chrUn_JTFH01000893v1_decoy	1060	142	0.13	0	2
chrUn_JTFH01000896v1_decoy	1056	9275	8.78	0	72
chrUn_JTFH01000899v1_decoy	1055	93727	88.84	4	246
chrUn_JTFH01000900v1_decoy	1055	76	0.07	0	1
chrUn_JTFH01000902v1_decoy	1051	13603	12.94	0	96
chrUn_JTFH01000906v1_decoy	1048	9542	9.10	0	58
chrUn_JTFH01000920v1_decoy	1036	152	0.15	0	2
chrUn_JTFH01000922v1_decoy	1035	228	0.22	0	1
chrUn_JTFH01000923v1_decoy	1035	1714	1.66	0	15
chrUn_JTFH01000925v1_decoy	1032	76	0.07	0	1
chrUn_JTFH01000926v1_decoy	1031	456	0.44	0	5
chrUn_JTFH01000927v1_decoy	1031	152	0.15	0	1
chrUn_JTFH01000928v1_decoy	1031	758	0.74	0	4
chrUn_JTFH01000929v1_decoy	1027	144	0.14	0	2
chrUn_JTFH01000931v1_decoy	1026	152	0.15	0	1
chrUn_JTFH01000948v1_decoy	1007	24530	24.36	0	95
chrUn_JTFH01000950v1_decoy	1005	228	0.23	0	3
chrUn_JTFH01000952v1_decoy	1004	608	0.61	0	7
chrUn_JTFH01000956v1_decoy	1003	1596	1.59	0	10
chrUn_JTFH01000957v1_decoy	1003	152	0.15	0	1
chrUn_JTFH01000960v1_decoy	1000	76	0.08	0	1
chrUn_JTFH01000961v1_decoy	1000	4449	4.45	0	53
chrUn_JTFH01000962v1_decoy	8358	15276	1.83	0	32
chrUn_JTFH01000965v1_decoy	4591	27693	6.03	0	88
chrUn_JTFH01000966v1_decoy	4041	1934	0.48	0	12
chrUn_JTFH01000967v1_decoy	3841	304	0.08	0	2
chrUn_JTFH01000968v1_decoy	3754	69753	18.58	0	305
chrUn_JTFH01000969v1_decoy	3743	15595	4.17	0	60
chrUn_JTFH01000970v1_decoy	3702	76	0.02	0	1
chrUn_JTFH01000971v1_decoy	3625	58427	16.12	0	116
chrUn_JTFH01000972v1_decoy	3529	71556	20.28	0	135
chrUn_JTFH01000973v1_decoy	3508	15653	4.46	0	57
chrUn_JTFH01000974v1_decoy	3359	152	0.05	0	1
chrUn_JTFH01000975v1_decoy	3320	23576	7.10	0	66
chrUn_JTFH01000976v1_decoy	3231	66641	20.63	0	256
chrUn_JTFH01000977v1_decoy	3220	12565	3.90	0	42
chrUn_JTFH01000978v1_decoy	3212	1808	0.56	0	7
chrUn_JTFH01000979v1_decoy	3192	53439	16.74	0	191
chrUn_JTFH01000980v1_decoy	3092	7421	2.40	0	50
chrUn_JTFH01000981v1_decoy	3087	59172	19.17	0	64
chrUn_JTFH01000982v1_decoy	3048	51661	16.95	0	194
chrUn_JTFH01000983v1_decoy	3005	11330	3.77	0	22
chrUn_JTFH01000984v1_decoy	3004	12092	4.03	0	25
chrUn_JTFH01000985v1_decoy	2959	18236	6.16	0	71
chrUn_JTFH01000986v1_decoy	2934	31268	10.66	0	124
chrUn_JTFH01000987v1_decoy	2933	43739	14.91	0	151
chrUn_JTFH01000989v1_decoy	2794	2469	0.88	0	19
chrUn_JTFH01000992v1_decoy	2733	46766	17.11	0	387
chrUn_JTFH01000993v1_decoy	2698	228	0.08	0	2
chrUn_JTFH01000995v1_decoy	2634	22616	8.59	0	123
chrUn_JTFH01000996v1_decoy	2492	17018	6.83	0	37
chrUn_JTFH01000997v1_decoy	2489	300	0.12	0	2
chrUn_JTFH01000998v1_decoy	2468	608	0.25	0	2
chrUn_JTFH01000999v1_decoy	2414	198566	82.26	0	1111
chrUn_JTFH01001001v1_decoy	2356	3646	1.55	0	25
chrUn_JTFH01001002v1_decoy	2339	34104	14.58	0	212
chrUn_JTFH01001003v1_decoy	2310	76	0.03	0	1
chrUn_JTFH01001004v1_decoy	2288	1871	0.82	0	12
chrUn_JTFH01001006v1_decoy	2269	5944	2.62	0	77
chrUn_JTFH01001007v1_decoy	2253	15593	6.92	0	34
chrUn_JTFH01001008v1_decoy	2203	2714	1.23	0	10
chrUn_JTFH01001009v1_decoy	2176	13687	6.29	0	53
chrUn_JTFH01001010v1_decoy	2159	76	0.04	0	1
chrUn_JTFH01001011v1_decoy	2155	18772	8.71	0	42
chrUn_JTFH01001013v1_decoy	2129	31010	14.57	0	214
chrUn_JTFH01001014v1_decoy	2116	18647	8.81	0	133
chrUn_JTFH01001015v1_decoy	2113	836	0.40	0	4
chrUn_JTFH01001016v1_decoy	2098	53491	25.50	0	94
chrUn_JTFH01001017v1_decoy	2066	11923	5.77	0	32
chrUn_JTFH01001018v1_decoy	2066	47480	22.98	0	290
chrUn_JTFH01001019v1_decoy	2059	5016	2.44	0	27
chrUn_JTFH01001020v1_decoy	2047	228	0.11	0	1
chrUn_JTFH01001021v1_decoy	2040	18719	9.18	0	52
chrUn_JTFH01001022v1_decoy	2030	210	0.10	0	2
chrUn_JTFH01001023v1_decoy	2024	1396	0.69	0	13
chrUn_JTFH01001025v1_decoy	1992	2507	1.26	0	10
chrUn_JTFH01001026v1_decoy	1981	15329	7.74	0	46
chrUn_JTFH01001027v1_decoy	1979	76	0.04	0	1
chrUn_JTFH01001028v1_decoy	1957	1171	0.60	0	5
chrUn_JTFH01001029v1_decoy	1953	18544	9.50	0	84
chrUn_JTFH01001030v1_decoy	1944	11006	5.66	0	30
chrUn_JTFH01001032v1_decoy	1932	54204	28.06	0	121
chrUn_JTFH01001033v1_decoy	1882	16923	8.99	0	60
chrUn_JTFH01001034v1_decoy	1878	228	0.12	0	1
chrUn_JTFH01001036v1_decoy	1821	1386	0.76	0	5
chrUn_JTFH01001037v1_decoy	1813	6846	3.78	0	84
chrUn_JTFH01001038v1_decoy	1809	4163	2.30	0	27
chrUn_JTFH01001039v1_decoy	1804	45600	25.28	0	140
chrUn_JTFH01001040v1_decoy	1797	22036	12.26	0	71
chrUn_JTFH01001042v1_decoy	1781	304	0.17	0	2
chrUn_JTFH01001043v1_decoy	1766	76	0.04	0	1
chrUn_JTFH01001044v1_decoy	1764	10697	6.06	0	38
chrUn_JTFH01001045v1_decoy	1743	753	0.43	0	6
chrUn_JTFH01001046v1_decoy	1741	17681	10.16	0	55
chrUn_JTFH01001047v1_decoy	1709	9034	5.29	0	44
chrUn_JTFH01001049v1_decoy	1701	76	0.04	0	1
chrUn_JTFH01001050v1_decoy	1689	836	0.49	0	7
chrUn_JTFH01001054v1_decoy	1636	76	0.05	0	1
chrUn_JTFH01001056v1_decoy	1629	28930	17.76	0	158
chrUn_JTFH01001058v1_decoy	1622	4080	2.52	0	17
chrUn_JTFH01001059v1_decoy	1622	28994	17.88	0	199
chrUn_JTFH01001060v1_decoy	1619	16719	10.33	0	83
chrUn_JTFH01001061v1_decoy	1606	16305	10.15	0	133
chrUn_JTFH01001063v1_decoy	1592	4468	2.81	0	40
chrUn_JTFH01001064v1_decoy	1558	8284	5.32	0	31
chrUn_JTFH01001065v1_decoy	1545	3546	2.30	0	16
chrUn_JTFH01001066v1_decoy	1542	5314	3.45	0	41
chrUn_JTFH01001067v1_decoy	1540	912	0.59	0	3
chrUn_JTFH01001068v1_decoy	1529	7630	4.99	0	32
chrUn_JTFH01001069v1_decoy	1518	7030	4.63	0	20
chrUn_JTFH01001070v1_decoy	1515	8321	5.49	0	21
chrUn_JTFH01001072v1_decoy	1507	4649	3.08	0	33
chrUn_JTFH01001073v1_decoy	1504	147	0.10	0	2
chrUn_JTFH01001074v1_decoy	1499	60	0.04	0	1
chrUn_JTFH01001075v1_decoy	1495	24837	16.61	0	143
chrUn_JTFH01001077v1_decoy	1492	629	0.42	0	4
chrUn_JTFH01001078v1_decoy	1492	449	0.30	0	2
chrUn_JTFH01001079v1_decoy	1489	2664	1.79	0	27
chrUn_JTFH01001080v1_decoy	1485	1641	1.11	0	17
chrUn_JTFH01001082v1_decoy	1473	14676	9.96	0	53
chrUn_JTFH01001084v1_decoy	1463	63972	43.73	0	129
chrUn_JTFH01001086v1_decoy	1458	14348	9.84	0	109
chrUn_JTFH01001087v1_decoy	1456	27920	19.18	0	139
chrUn_JTFH01001088v1_decoy	1453	21880	15.06	0	67
chrUn_JTFH01001089v1_decoy	1443	8045	5.58	0	82
chrUn_JTFH01001090v1_decoy	1441	76	0.05	0	1
chrUn_JTFH01001092v1_decoy	1425	7733	5.43	0	32
chrUn_JTFH01001093v1_decoy	1418	152	0.11	0	2
chrUn_JTFH01001094v1_decoy	1413	1736	1.23	0	10
chrUn_JTFH01001096v1_decoy	1412	17312	12.26	0	205
chrUn_JTFH01001097v1_decoy	1407	152	0.11	0	2
chrUn_JTFH01001098v1_decoy	1406	1646	1.17	0	7
chrUn_JTFH01001099v1_decoy	1396	15856	11.36	0	62
chrUn_JTFH01001100v1_decoy	1390	4636	3.34	0	34
chrUn_JTFH01001102v1_decoy	1376	14142	10.28	0	101
chrUn_JTFH01001103v1_decoy	1375	8111	5.90	0	30
chrUn_JTFH01001104v1_decoy	1371	228	0.17	0	2
chrUn_JTFH01001106v1_decoy	1364	8629	6.33	0	41
chrUn_JTFH01001107v1_decoy	1356	76	0.06	0	1
chrUn_JTFH01001108v1_decoy	1355	26773	19.76	0	364
chrUn_JTFH01001109v1_decoy	1352	79371	58.71	0	365
chrUn_JTFH01001111v1_decoy	1346	152	0.11	0	2
chrUn_JTFH01001112v1_decoy	1345	20095	14.94	0	115
chrUn_JTFH01001113v1_decoy	1340	7082	5.29	0	36
chrUn_JTFH01001114v1_decoy	1330	7382	5.55	0	87
chrUn_JTFH01001117v1_decoy	1316	56526	42.95	0	292
chrUn_JTFH01001118v1_decoy	1307	1064	0.81	0	4
chrUn_JTFH01001121v1_decoy	1303	10843	8.32	0	109
chrUn_JTFH01001122v1_decoy	1301	23372	17.96	0	115
chrUn_JTFH01001124v1_decoy	1297	4458	3.44	0	17
chrUn_JTFH01001125v1_decoy	1296	64785	49.99	0	610
chrUn_JTFH01001128v1_decoy	1282	19306	15.06	0	155
chrUn_JTFH01001130v1_decoy	1280	608	0.47	0	2
chrUn_JTFH01001132v1_decoy	1272	23626	18.57	0	90
chrUn_JTFH01001133v1_decoy	1267	3016	2.38	0	11
chrUn_JTFH01001134v1_decoy	1267	76	0.06	0	1
chrUn_JTFH01001136v1_decoy	1264	76	0.06	0	1
chrUn_JTFH01001138v1_decoy	1264	76	0.06	0	1
chrUn_JTFH01001140v1_decoy	1249	76	0.06	0	1
chrUn_JTFH01001141v1_decoy	1240	40467	32.63	0	424
chrUn_JTFH01001142v1_decoy	1239	228	0.18	0	2
chrUn_JTFH01001145v1_decoy	1233	17802	14.44	0	80
chrUn_JTFH01001146v1_decoy	1232	5407	4.39	0	34
chrUn_JTFH01001147v1_decoy	1230	12521	10.18	0	52
chrUn_JTFH01001148v1_decoy	1226	2949	2.41	0	15
chrUn_JTFH01001149v1_decoy	1223	626	0.51	0	4
chrUn_JTFH01001150v1_decoy	1214	15136	12.47	0	56
chrUn_JTFH01001151v1_decoy	1213	12019	9.91	0	121
chrUn_JTFH01001152v1_decoy	1211	2239	1.85	0	13
chrUn_JTFH01001153v1_decoy	1209	15886	13.14	0	72
chrUn_JTFH01001155v1_decoy	1199	2204	1.84	0	11
chrUn_JTFH01001156v1_decoy	1197	5443	4.55	0	45
chrUn_JTFH01001157v1_decoy	1193	75	0.06	0	1
chrUn_JTFH01001159v1_decoy	1187	76	0.06	0	1
chrUn_JTFH01001160v1_decoy	1186	76	0.06	0	1
chrUn_JTFH01001161v1_decoy	1184	5699	4.81	0	24
chrUn_JTFH01001162v1_decoy	1184	76	0.06	0	1
chrUn_JTFH01001163v1_decoy	1182	76	0.06	0	1
chrUn_JTFH01001164v1_decoy	1179	6823	5.79	0	53
chrUn_JTFH01001166v1_decoy	1169	38051	32.55	0	153
chrUn_JTFH01001167v1_decoy	1167	60	0.05	0	1
chrUn_JTFH01001168v1_decoy	1166	184	0.16	0	3
chrUn_JTFH01001170v1_decoy	1164	2277	1.96	0	30
chrUn_JTFH01001171v1_decoy	1163	22015	18.93	0	117
chrUn_JTFH01001172v1_decoy	1158	75	0.06	0	1
chrUn_JTFH01001173v1_decoy	1158	7197	6.22	0	45
chrUn_JTFH01001174v1_decoy	1157	8815	7.62	0	48
chrUn_JTFH01001175v1_decoy	1157	24778	21.42	0	72
chrUn_JTFH01001176v1_decoy	1157	4127	3.57	0	29
chrUn_JTFH01001179v1_decoy	1149	4820	4.19	0	18
chrUn_JTFH01001180v1_decoy	1148	7470	6.51	0	82
chrUn_JTFH01001182v1_decoy	1146	2786	2.43	0	18
chrUn_JTFH01001184v1_decoy	1140	2261	1.98	0	19
chrUn_JTFH01001185v1_decoy	1136	76	0.07	0	1
chrUn_JTFH01001188v1_decoy	1129	6790	6.01	0	33
chrUn_JTFH01001189v1_decoy	1127	5624	4.99	0	23
chrUn_JTFH01001191v1_decoy	1118	152	0.14	0	1
chrUn_JTFH01001192v1_decoy	1110	14886	13.41	0	111
chrUn_JTFH01001193v1_decoy	1104	14717	13.33	0	112
chrUn_JTFH01001194v1_decoy	1104	214	0.19	0	1
chrUn_JTFH01001196v1_decoy	1098	8424	7.67	0	47
chrUn_JTFH01001198v1_decoy	1094	912	0.83	0	12
chrUn_JTFH01001200v1_decoy	1089	7632	7.01	0	34
chrUn_JTFH01001203v1_decoy	1084	124	0.11	0	1
chrUn_JTFH01001204v1_decoy	1083	152	0.14	0	1
chrUn_JTFH01001205v1_decoy	1083	76	0.07	0	1
chrUn_JTFH01001206v1_decoy	1079	15306	14.19	0	86
chrUn_JTFH01001207v1_decoy	1076	14486	13.46	0	38
chrUn_JTFH01001208v1_decoy	1069	8844	8.27	0	53
chrUn_JTFH01001211v1_decoy	1067	12849	12.04	0	67
chrUn_JTFH01001212v1_decoy	1067	2872	2.69	0	12
chrUn_JTFH01001214v1_decoy	1062	152	0.14	0	2
chrUn_JTFH01001215v1_decoy	1059	991	0.94	0	12
chrUn_JTFH01001217v1_decoy	1058	13555	12.81	0	73
chrUn_JTFH01001218v1_decoy	1055	2052	1.95	0	16
chrUn_JTFH01001219v1_decoy	1054	4478	4.25	0	22
chrUn_JTFH01001223v1_decoy	1052	18585	17.67	0	198
chrUn_JTFH01001225v1_decoy	1049	1115	1.06	0	8
chrUn_JTFH01001226v1_decoy	1047	16091	15.37	0	71
chrUn_JTFH01001227v1_decoy	1044	69	0.07	0	1
chrUn_JTFH01001229v1_decoy	1043	304	0.29	0	3
chrUn_JTFH01001234v1_decoy	1039	1210	1.16	0	14
chrUn_JTFH01001235v1_decoy	1038	1117	1.08	0	10
chrUn_JTFH01001236v1_decoy	1037	74	0.07	0	1
chrUn_JTFH01001237v1_decoy	1037	30411	29.33	0	111
chrUn_JTFH01001238v1_decoy	1035	6405	6.19	0	60
chrUn_JTFH01001239v1_decoy	1027	1687	1.64	0	18
chrUn_JTFH01001240v1_decoy	1021	73	0.07	0	1
chrUn_JTFH01001243v1_decoy	1019	715	0.70	0	9
chrUn_JTFH01001244v1_decoy	1016	1652	1.63	0	12
chrUn_JTFH01001245v1_decoy	1014	3777	3.72	0	28
chrUn_JTFH01001246v1_decoy	1013	1571	1.55	0	14
chrUn_JTFH01001247v1_decoy	1009	9816	9.73	0	55
chrUn_JTFH01001249v1_decoy	1007	7077	7.03	0	61
chrUn_JTFH01001250v1_decoy	1004	1118	1.11	0	7
chrUn_JTFH01001251v1_decoy	1004	15072	15.01	0	73
chrUn_JTFH01001252v1_decoy	1003	372	0.37	0	3
chrUn_JTFH01001255v1_decoy	1000	5134	5.13	0	34
chrUn_JTFH01001257v1_decoy	17929	608	0.03	0	2
chrUn_JTFH01001258v1_decoy	9749	30	0.00	0	1
chrUn_JTFH01001260v1_decoy	7826	684	0.09	0	7
chrUn_JTFH01001263v1_decoy	5444	152	0.03	0	2
chrUn_JTFH01001271v1_decoy	3741	45	0.01	0	1
chrUn_JTFH01001282v1_decoy	3259	931	0.29	0	4
chrUn_JTFH01001288v1_decoy	3063	2432	0.79	0	19
chrUn_JTFH01001297v1_decoy	2813	2869	1.02	0	15
chrUn_JTFH01001298v1_decoy	2785	228	0.08	0	3
chrUn_JTFH01001305v1_decoy	2583	218	0.08	0	1
chrUn_JTFH01001317v1_decoy	2395	76	0.03	0	1
chrUn_JTFH01001320v1_decoy	2322	152	0.07	0	2
chrUn_JTFH01001323v1_decoy	2292	304	0.13	0	2
chrUn_JTFH01001326v1_decoy	2260	228	0.10	0	1
chrUn_JTFH01001330v1_decoy	2215	228	0.10	0	1
chrUn_JTFH01001335v1_decoy	2184	76	0.03	0	1
chrUn_JTFH01001336v1_decoy	2166	150	0.07	0	2
chrUn_JTFH01001343v1_decoy	2106	76	0.04	0	1
chrUn_JTFH01001347v1_decoy	2081	76	0.04	0	1
chrUn_JTFH01001348v1_decoy	2058	380	0.18	0	2
chrUn_JTFH01001349v1_decoy	2055	152	0.07	0	1
chrUn_JTFH01001353v1_decoy	2032	7134	3.51	0	55
chrUn_JTFH01001358v1_decoy	2001	304	0.15	0	2
chrUn_JTFH01001360v1_decoy	1990	33	0.02	0	1
chrUn_JTFH01001362v1_decoy	1981	451	0.23	0	3
chrUn_JTFH01001365v1_decoy	1963	1095	0.56	0	3
chrUn_JTFH01001368v1_decoy	1881	152	0.08	0	2
chrUn_JTFH01001377v1_decoy	1791	528	0.29	0	3
chrUn_JTFH01001386v1_decoy	1752	298	0.17	0	4
chrUn_JTFH01001387v1_decoy	1751	342	0.20	0	4
chrUn_JTFH01001390v1_decoy	1729	380	0.22	0	5
chrUn_JTFH01001391v1_decoy	1726	152	0.09	0	2
chrUn_JTFH01001394v1_decoy	1711	1251	0.73	0	4
chrUn_JTFH01001398v1_decoy	1686	2580	1.53	0	22
chrUn_JTFH01001399v1_decoy	1684	152	0.09	0	1
chrUn_JTFH01001401v1_decoy	1678	76	0.05	0	1
chrUn_JTFH01001424v1_decoy	1603	76	0.05	0	1
chrUn_JTFH01001425v1_decoy	1599	1292	0.81	0	14
chrUn_JTFH01001427v1_decoy	1588	152	0.10	0	2
chrUn_JTFH01001430v1_decoy	1584	74	0.05	0	1
chrUn_JTFH01001435v1_decoy	1568	4069	2.60	0	46
chrUn_JTFH01001441v1_decoy	1554	152	0.10	0	2
chrUn_JTFH01001446v1_decoy	1537	43	0.03	0	1
chrUn_JTFH01001448v1_decoy	1530	304	0.20	0	2
chrUn_JTFH01001449v1_decoy	1528	304	0.20	0	4
chrUn_JTFH01001454v1_decoy	1500	1973	1.32	0	14
chrUn_JTFH01001458v1_decoy	1496	152	0.10	0	1
chrUn_JTFH01001465v1_decoy	1472	144	0.10	0	1
chrUn_JTFH01001472v1_decoy	1448	804	0.56	0	3
chrUn_JTFH01001478v1_decoy	1432	147	0.10	0	2
chrUn_JTFH01001494v1_decoy	1405	76	0.05	0	1
chrUn_JTFH01001495v1_decoy	1402	347	0.25	0	8
chrUn_JTFH01001510v1_decoy	1372	304	0.22	0	3
chrUn_JTFH01001513v1_decoy	1365	152	0.11	0	1
chrUn_JTFH01001520v1_decoy	1353	380	0.28	0	4
chrUn_JTFH01001532v1_decoy	1324	152	0.11	0	1
chrUn_JTFH01001536v1_decoy	1320	38	0.03	0	1
chrUn_JTFH01001539v1_decoy	1304	224	0.17	0	1
chrUn_JTFH01001540v1_decoy	1304	140	0.11	0	1
chrUn_JTFH01001544v1_decoy	1300	91	0.07	0	3
chrUn_JTFH01001554v1_decoy	1271	152	0.12	0	1
chrUn_JTFH01001556v1_decoy	1264	76	0.06	0	1
chrUn_JTFH01001559v1_decoy	1261	152	0.12	0	2
chrUn_JTFH01001563v1_decoy	1258	90	0.07	0	1
chrUn_JTFH01001573v1_decoy	1236	76	0.06	0	1
chrUn_JTFH01001577v1_decoy	1231	228	0.19	0	1
chrUn_JTFH01001594v1_decoy	1208	152	0.13	0	1
chrUn_JTFH01001608v1_decoy	1189	2675	2.25	0	27
chrUn_JTFH01001609v1_decoy	1188	152	0.13	0	2
chrUn_JTFH01001615v1_decoy	1166	1057	0.91	0	6
chrUn_JTFH01001632v1_decoy	1126	1128	1.00	0	5
chrUn_JTFH01001655v1_decoy	1093	76	0.07	0	1
chrUn_JTFH01001677v1_decoy	1066	76	0.07	0	1
chrUn_JTFH01001680v1_decoy	1063	532	0.50	0	4
chrUn_JTFH01001690v1_decoy	1046	1214	1.16	0	7
chrUn_JTFH01001701v1_decoy	1026	275	0.27	0	2
chrUn_JTFH01001704v1_decoy	1023	76	0.07	0	1
chrUn_JTFH01001705v1_decoy	1022	76	0.07	0	1
chrUn_JTFH01001709v1_decoy	1019	152	0.15	0	2
chrUn_JTFH01001710v1_decoy	1018	150	0.15	0	2
chrUn_JTFH01001711v1_decoy	1018	152	0.15	0	1
chrUn_JTFH01001716v1_decoy	1014	76	0.07	0	1
chrUn_JTFH01001724v1_decoy	1009	76	0.08	0	1
chrUn_JTFH01001734v1_decoy	1000	152	0.15	0	1
chrUn_JTFH01001736v1_decoy	11713	152	0.01	0	1
chrUn_JTFH01001743v1_decoy	8771	76	0.01	0	1
chrUn_JTFH01001748v1_decoy	7585	213	0.03	0	2
chrUn_JTFH01001750v1_decoy	7461	147	0.02	0	2
chrUn_JTFH01001752v1_decoy	7223	228	0.03	0	2
chrUn_JTFH01001753v1_decoy	7064	152	0.02	0	2
chrUn_JTFH01001758v1_decoy	6840	50	0.01	0	1
chrUn_JTFH01001759v1_decoy	6728	76	0.01	0	1
chrUn_JTFH01001773v1_decoy	5793	304	0.05	0	2
chrUn_JTFH01001779v1_decoy	5566	228	0.04	0	1
chrUn_JTFH01001780v1_decoy	5558	333	0.06	0	2
chrUn_JTFH01001782v1_decoy	5375	48	0.01	0	1
chrUn_JTFH01001783v1_decoy	5300	760	0.14	0	5
chrUn_JTFH01001785v1_decoy	5157	76	0.01	0	1
chrUn_JTFH01001787v1_decoy	4978	76	0.02	0	1
chrUn_JTFH01001793v1_decoy	4678	76	0.02	0	1
chrUn_JTFH01001794v1_decoy	4641	76	0.02	0	1
chrUn_JTFH01001799v1_decoy	4495	76	0.02	0	1
chrUn_JTFH01001802v1_decoy	4409	76	0.02	0	1
chrUn_JTFH01001804v1_decoy	4300	76	0.02	0	1
chrUn_JTFH01001806v1_decoy	4173	76	0.02	0	1
chrUn_JTFH01001807v1_decoy	4169	76	0.02	0	1
chrUn_JTFH01001810v1_decoy	4089	76	0.02	0	1
chrUn_JTFH01001813v1_decoy	3973	354	0.09	0	2
chrUn_JTFH01001816v1_decoy	3686	228	0.06	0	2
chrUn_JTFH01001818v1_decoy	3673	209	0.06	0	3
chrUn_JTFH01001821v1_decoy	3633	76	0.02	0	1
chrUn_JTFH01001822v1_decoy	3613	262	0.07	0	2
chrUn_JTFH01001823v1_decoy	3605	74	0.02	0	1
chrUn_JTFH01001828v1_decoy	3537	76	0.02	0	1
chrUn_JTFH01001829v1_decoy	3510	76	0.02	0	1
chrUn_JTFH01001835v1_decoy	3395	228	0.07	0	2
chrUn_JTFH01001844v1_decoy	3237	152	0.05	0	1
chrUn_JTFH01001847v1_decoy	3195	228	0.07	0	2
chrUn_JTFH01001848v1_decoy	3175	70	0.02	0	1
chrUn_JTFH01001849v1_decoy	3158	226	0.07	0	2
chrUn_JTFH01001866v1_decoy	2933	681	0.23	0	5
chrUn_JTFH01001868v1_decoy	2904	76	0.03	0	1
chrUn_JTFH01001870v1_decoy	2886	268	0.09	0	1
chrUn_JTFH01001874v1_decoy	2861	152	0.05	0	2
chrUn_JTFH01001875v1_decoy	2856	76	0.03	0	1
chrUn_JTFH01001879v1_decoy	2788	1214	0.44	0	7
chrUn_JTFH01001880v1_decoy	2773	76	0.03	0	1
chrUn_JTFH01001884v1_decoy	2725	225	0.08	0	1
chrUn_JTFH01001888v1_decoy	2663	223	0.08	0	2
chrUn_JTFH01001889v1_decoy	2652	97	0.04	0	1
chrUn_JTFH01001890v1_decoy	2647	152	0.06	0	2
chrUn_JTFH01001893v1_decoy	2629	76	0.03	0	1
chrUn_JTFH01001894v1_decoy	2612	220	0.08	0	1
chrUn_JTFH01001898v1_decoy	2551	7263	2.85	0	16
chrUn_JTFH01001899v1_decoy	2551	1414	0.55	0	7
chrUn_JTFH01001900v1_decoy	2538	152	0.06	0	1
chrUn_JTFH01001903v1_decoy	2498	76	0.03	0	1
chrUn_JTFH01001911v1_decoy	2435	152	0.06	0	2
chrUn_JTFH01001915v1_decoy	2412	142	0.06	0	1
chrUn_JTFH01001920v1_decoy	2386	56	0.02	0	1
chrUn_JTFH01001928v1_decoy	2353	76	0.03	0	1
chrUn_JTFH01001929v1_decoy	2349	3279	1.40	0	13
chrUn_JTFH01001931v1_decoy	2340	304	0.13	0	2
chrUn_JTFH01001933v1_decoy	2336	76	0.03	0	1
chrUn_JTFH01001934v1_decoy	2333	76	0.03	0	1
chrUn_JTFH01001938v1_decoy	2293	152	0.07	0	1
chrUn_JTFH01001941v1_decoy	2274	223	0.10	0	2
chrUn_JTFH01001946v1_decoy	2240	281	0.13	0	2
chrUn_JTFH01001947v1_decoy	2239	152	0.07	0	1
chrUn_JTFH01001948v1_decoy	2232	152	0.07	0	1
chrUn_JTFH01001960v1_decoy	2178	76	0.03	0	1
chrUn_JTFH01001961v1_decoy	2178	483	0.22	0	2
chrUn_JTFH01001966v1_decoy	2157	54	0.03	0	1
chrUn_JTFH01001972v1_decoy	2142	152	0.07	0	2
chrUn_JTFH01001973v1_decoy	2136	1185	0.55	0	8
chrUn_JTFH01001974v1_decoy	2130	1241	0.58	0	8
chrUn_JTFH01001978v1_decoy	2119	61	0.03	0	1
chrUn_JTFH01001979v1_decoy	2107	378	0.18	0	2
chrUn_JTFH01001980v1_decoy	2091	879	0.42	0	4
chrUn_JTFH01001981v1_decoy	2087	76	0.04	0	1
chrUn_JTFH01001982v1_decoy	2086	736	0.35	0	3
chrUn_JTFH01001983v1_decoy	2083	152	0.07	0	1
chrUn_JTFH01001985v1_decoy	2075	76	0.04	0	1
chrUn_JTFH01001991v1_decoy	2050	514	0.25	0	5
chrUn_JTFH01001992v1_decoy	2033	304	0.15	0	2
chrUn_JTFH01001993v1_decoy	2024	76	0.04	0	1
chrUn_JTFH01001995v1_decoy	2011	76	0.04	0	1
chrUn_JTFH01001996v1_decoy	2009	152	0.08	0	1
chrUn_JTFH01001997v1_decoy	2003	143	0.07	0	1
chrUn_JTFH01001998v1_decoy	2001	808	0.40	0	8
HLA-A*01:01:01:01	3503	63617	18.16	0	141
HLA-A*01:01:01:02N	3291	62502	18.99	0	141
HLA-A*01:01:38L	3374	58598	17.37	0	118
HLA-A*01:02	3374	63433	18.80	0	141
HLA-A*01:03	3503	64000	18.27	0	141
HLA-A*01:04N	3136	60551	19.31	0	141
HLA-A*01:09	3105	56829	18.30	0	141
HLA-A*01:11N	3374	62787	18.61	0	141
HLA-A*01:14	3095	59030	19.07	0	141
HLA-A*01:16N	2985	59211	19.84	0	141
HLA-A*01:20	3105	58915	18.97	0	141
HLA-A*02:01:01:01	3517	91252	25.95	0	164
HLA-A*02:01:01:02L	3287	89577	27.25	0	164
HLA-A*02:01:01:03	3023	82408	27.26	0	164
HLA-A*02:01:01:04	3516	91480	26.02	0	164
HLA-A*02:02:01	2917	75065	25.73	0	164
HLA-A*02:03:01	3517	92618	26.33	0	164
HLA-A*02:03:03	3148	86656	27.53	0	164
HLA-A*02:05:01	3517	89988	25.59	0	165
HLA-A*02:06:01	3517	91812	26.11	0	165
HLA-A*02:07:01	3517	92643	26.34	0	165
HLA-A*02:10	3517	93095	26.47	0	165
HLA-A*02:251	3517	92944	26.43	0	165
HLA-A*02:259	2978	82176	27.59	0	165
HLA-A*02:264	3002	83233	27.73	0	165
HLA-A*02:265	3148	76365	24.26	0	120
HLA-A*02:266	3084	85878	27.85	0	165
HLA-A*02:269	3101	85679	27.63	0	165
HLA-A*02:279	3103	87055	28.06	0	165
HLA-A*02:32N	3517	90833	25.83	0	165
HLA-A*02:376	3104	84685	27.28	0	165
HLA-A*02:43N	3218	77454	24.07	0	122
HLA-A*02:455	3118	82741	26.54	0	149
HLA-A*02:48	3517	94806	26.96	0	165
HLA-A*02:51	3109	86957	27.97	0	165
HLA-A*02:533	3217	86604	26.92	0	165
HLA-A*02:53N	3305	90686	27.44	0	165
HLA-A*02:57	3054	85955	28.15	0	165
HLA-A*02:60:01	3112	86745	27.87	0	165
HLA-A*02:65	3387	115280	34.04	0	199
HLA-A*02:68	3109	87257	28.07	0	165
HLA-A*02:77	3371	92627	27.48	0	165
HLA-A*02:81	3309	94124	28.44	0	165
HLA-A*02:89	3371	94128	27.92	0	165
HLA-A*02:95	3388	95429	28.17	0	165
HLA-A*03:01:01:01	3502	62233	17.77	0	142
HLA-A*03:01:01:02N	3373	57055	16.92	0	142
HLA-A*03:01:01:03	3094	55162	17.83	0	145
HLA-A*03:02:01	3502	60135	17.17	0	145
HLA-A*03:11N	3404	59813	17.57	0	145
HLA-A*03:21N	3095	55410	17.90	0	145
HLA-A*03:36N	3142	54194	17.25	0	145
HLA-A*11:01:01	3503	65439	18.68	0	145
HLA-A*11:01:18	3503	61617	17.59	0	146
HLA-A*11:02:01	3503	63642	18.17	0	151
HLA-A*11:05	3373	66274	19.65	0	151
HLA-A*11:110	2903	63661	21.93	0	151
HLA-A*11:25	3073	62772	20.43	0	151
HLA-A*11:50Q	3362	63703	18.95	0	151
HLA-A*11:60	3241	65591	20.24	0	151
HLA-A*11:69N	3500	60944	17.41	0	100
HLA-A*11:74	3227	65429	20.28	0	151
HLA-A*11:75	3184	62182	19.53	0	151
HLA-A*11:77	3233	63061	19.51	0	151
HLA-A*23:01:01	3502	56750	16.21	0	187
HLA-A*23:09	3104	50748	16.35	0	187
HLA-A*23:38N	3020	51589	17.08	0	187
HLA-A*24:02:01:01	3502	54623	15.60	0	187
HLA-A*24:02:01:02L	3502	54558	15.58	0	187
HLA-A*24:02:01:03	3075	50577	16.45	0	187
HLA-A*24:02:03Q	3247	50524	15.56	0	187
HLA-A*24:02:10	3356	55091	16.42	0	187
HLA-A*24:03:01	3502	56521	16.14	0	187
HLA-A*24:07:01	3502	54859	15.67	0	187
HLA-A*24:08	3502	54180	15.47	0	187
HLA-A*24:09N	3502	53434	15.26	0	187
HLA-A*24:10:01	3502	54050	15.43	0	187
HLA-A*24:11N	3503	55167	15.75	0	187
HLA-A*24:152	3176	49918	15.72	0	187
HLA-A*24:20	3502	53018	15.14	0	187
HLA-A*24:215	3116	49639	15.93	0	187
HLA-A*24:61	3043	48412	15.91	0	187
HLA-A*24:86N	3415	52943	15.50	0	187
HLA-A*25:01:01	2917	103470	35.47	0	200
HLA-A*26:01:01	3517	120837	34.36	0	200
HLA-A*26:11N	3091	112387	36.36	0	200
HLA-A*26:15	3217	105254	32.72	0	200
HLA-A*26:50	3141	114860	36.57	0	200
HLA-A*29:01:01:01	3518	137738	39.15	0	200
HLA-A*29:01:01:02N	3303	131397	39.78	0	200
HLA-A*29:02:01:01	3518	139265	39.59	0	200
HLA-A*29:02:01:02	3518	137358	39.04	0	200
HLA-A*29:46	3310	135820	41.03	0	200
HLA-A*30:01:01	3503	63037	18.00	0	139
HLA-A*30:02:01:01	2903	50077	17.25	0	139
HLA-A*30:02:01:02	3374	60692	17.99	0	139
HLA-A*30:04:01	3503	62868	17.95	0	138
HLA-A*30:89	2903	50444	17.38	0	138
HLA-A*31:01:02	3518	160655	45.67	0	202
HLA-A*31:01:23	2918	139418	47.78	0	202
HLA-A*31:04	2918	136288	46.71	0	202
HLA-A*31:14N	3090	149105	48.25	0	202
HLA-A*31:46	3075	148131	48.17	0	202
HLA-A*32:01:01	3518	131508	37.38	0	200
HLA-A*32:06	3389	130087	38.39	0	200
HLA-A*33:01:01	3518	158197	44.97	0	202
HLA-A*33:03:01	3518	159751	45.41	0	202
HLA-A*33:07	3389	155694	45.94	0	202
HLA-A*34:01:01	3517	120604	34.29	0	200
HLA-A*34:02:01	3096	116427	37.61	0	200
HLA-A*36:01	2903	49534	17.06	0	138
HLA-A*43:01	3388	115117	33.98	0	200
HLA-A*66:01:01	3517	115960	32.97	0	200
HLA-A*66:17	3075	93990	30.57	0	200
HLA-A*68:01:01:01	2930	78112	26.66	0	154
HLA-A*68:01:01:02	3517	93250	26.51	0	154
HLA-A*68:01:02:01	3517	93326	26.54	0	154
HLA-A*68:01:02:02	3388	91945	27.14	0	154
HLA-A*68:02:01:01	3517	90667	25.78	0	154
HLA-A*68:02:01:02	3506	85901	24.50	0	154
HLA-A*68:02:01:03	2909	74189	25.50	0	154
HLA-A*68:02:02	2916	72511	24.87	0	154
HLA-A*68:03:01	2917	76987	26.39	0	154
HLA-A*68:08:01	3120	83524	26.77	0	154
HLA-A*68:113	3070	83070	27.06	0	154
HLA-A*68:17	3134	85119	27.16	0	154
HLA-A*68:18N	3237	78623	24.29	0	154
HLA-A*68:22	3119	84136	26.98	0	154
HLA-A*68:71	3198	90694	28.36	0	154
HLA-A*69:01	2917	78975	27.07	0	166
HLA-A*74:01	2918	109279	37.45	0	200
HLA-A*74:02:01:01	2918	109968	37.69	0	200
HLA-A*74:02:01:02	3518	132354	37.62	0	200
HLA-A*80:01:01:01	3263	47549	14.57	0	157
HLA-A*80:01:01:02	3055	41641	13.63	0	157
HLA-B*07:02:01	3323	93414	28.11	0	242
HLA-B*07:05:01	2676	87931	32.86	0	242
HLA-B*07:06	2676	85202	31.84	0	242
HLA-B*07:156	2967	89143	30.04	0	242
HLA-B*07:33:01	3239	103818	32.05	0	242
HLA-B*07:41	3266	89266	27.33	0	242
HLA-B*07:44	3270	81644	24.97	0	242
HLA-B*07:50	3323	97850	29.45	0	242
HLA-B*08:01:01	3322	87701	26.40	0	184
HLA-B*08:08N	3035	101517	33.45	0	184
HLA-B*08:132	2675	80297	30.02	0	184
HLA-B*08:134	2959	89411	30.22	0	184
HLA-B*08:19N	3322	95141	28.64	0	184
HLA-B*08:20	3322	76194	22.94	0	184
HLA-B*08:33	3322	87393	26.31	0	184
HLA-B*08:79	2676	78605	29.37	0	242
HLA-B*13:01:01	3324	145712	43.84	0	248
HLA-B*13:02:01	3324	141852	42.68	0	248
HLA-B*13:02:03	3323	141696	42.64	0	248
HLA-B*13:02:09	2919	134146	45.96	0	248
HLA-B*13:08	3324	141852	42.68	0	248
HLA-B*13:15	3323	137522	41.38	0	248
HLA-B*13:25	2689	132664	49.34	0	248
HLA-B*14:01:01	3312	119734	36.15	0	244
HLA-B*14:02:01	3312	118973	35.92	0	244
HLA-B*14:07N	3255	119305	36.65	0	244
HLA-B*15:01:01:01	3336	198258	59.43	0	254
HLA-B*15:01:01:02N	1208	58846	48.71	0	154
HLA-B*15:01:01:03	3026	191528	63.29	0	254
HLA-B*15:02:01	3335	198608	59.55	0	254
HLA-B*15:03:01	2689	176180	65.52	0	254
HLA-B*15:04:01	3052	198404	65.01	0	254
HLA-B*15:07:01	3336	198560	59.52	0	254
HLA-B*15:108	3283	186519	56.81	0	254
HLA-B*15:10:01	2689	168539	62.68	0	254
HLA-B*15:11:01	3336	197209	59.12	0	254
HLA-B*15:13:01	2688	177222	65.93	0	254
HLA-B*15:16:01	2688	169831	63.18	0	254
HLA-B*15:17:01:01	3051	185802	60.90	0	254
HLA-B*15:17:01:02	3051	183897	60.27	0	254
HLA-B*15:18:01	3336	186031	55.76	0	254
HLA-B*15:220	2878	183191	63.65	0	254
HLA-B*15:25:01	3335	200821	60.22	0	254
HLA-B*15:27:01	2689	185844	69.11	0	254
HLA-B*15:32:01	3336	202363	60.66	0	254
HLA-B*15:42	3333	190819	57.25	0	254
HLA-B*15:58	3336	197040	59.06	0	254
HLA-B*15:66	2902	194090	66.88	0	254
HLA-B*15:77	3336	196451	58.89	0	254
HLA-B*15:83	3337	203298	60.92	0	254
HLA-B*18:01:01:01	3323	216622	65.19	0	254
HLA-B*18:01:01:02	3323	216261	65.08	0	254
HLA-B*18:02	2686	197661	73.59	0	254
HLA-B*18:03	3323	211410	63.62	0	254
HLA-B*18:17N	2979	201515	67.65	0	254
HLA-B*18:26	3323	214585	64.58	0	254
HLA-B*18:94N	2970	198843	66.95	0	254
HLA-B*27:04:01	3325	94244	28.34	0	178
HLA-B*27:05:02	3325	98970	29.77	0	178
HLA-B*27:05:18	3321	97923	29.49	0	178
HLA-B*27:06	3325	94624	28.46	0	178
HLA-B*27:07:01	2677	92779	34.66	0	183
HLA-B*27:131	3325	98623	29.66	0	182
HLA-B*27:24	2677	87292	32.61	0	176
HLA-B*27:25	2677	94032	35.13	0	176
HLA-B*27:32	3325	99558	29.94	0	182
HLA-B*35:01:01:01	3327	254922	76.62	0	340
HLA-B*35:01:01:02	3327	255081	76.67	0	340
HLA-B*35:01:22	2806	241301	85.99	0	340
HLA-B*35:02:01	3327	249698	75.05	0	340
HLA-B*35:03:01	2689	234058	87.04	0	340
HLA-B*35:05:01	2690	234530	87.19	0	339
HLA-B*35:08:01	2689	239547	89.08	0	340
HLA-B*35:14:02	3327	253016	76.05	0	340
HLA-B*35:241	3042	245622	80.74	0	320
HLA-B*35:41	3327	252138	75.79	0	340
HLA-B*37:01:01	3324	229034	68.90	0	254
HLA-B*37:01:05	2687	207389	77.18	0	254
HLA-B*38:01:01	3312	122084	36.86	0	240
HLA-B*38:02:01	3312	122084	36.86	0	240
HLA-B*38:14	2738	103107	37.66	0	240
HLA-B*39:01:01:01	3155	119946	38.02	0	240
HLA-B*39:01:01:02L	3153	119872	38.02	0	240
HLA-B*39:01:01:03	3312	124351	37.55	0	240
HLA-B*39:01:03	3155	126473	40.09	0	240
HLA-B*39:01:16	3155	125046	39.63	0	240
HLA-B*39:01:21	3312	125093	37.77	0	240
HLA-B*39:05:01	2675	109911	41.09	0	240
HLA-B*39:06:02	2674	105352	39.40	0	240
HLA-B*39:10:01	3027	126985	41.95	0	240
HLA-B*39:13:02	3255	136580	41.96	0	240
HLA-B*39:14	2765	103445	37.41	0	240
HLA-B*39:34	3254	125773	38.65	0	240
HLA-B*39:38Q	2675	104108	38.92	0	240
HLA-B*40:01:01	2676	75006	28.03	0	195
HLA-B*40:01:02	3323	86442	26.01	0	242
HLA-B*40:02:01	3258	106009	32.54	0	179
HLA-B*40:03	2677	113389	42.36	0	179
HLA-B*40:06:01:01	3325	106633	32.07	0	179
HLA-B*40:06:01:02	3299	106466	32.27	0	178
HLA-B*40:10:01	3304	90681	27.45	0	242
HLA-B*40:150	2800	80388	28.71	0	242
HLA-B*40:40	2677	97877	36.56	0	178
HLA-B*40:72:01	3283	85910	26.17	0	242
HLA-B*40:79	3257	80967	24.86	0	242
HLA-B*41:01:01	3322	93446	28.13	0	175
HLA-B*41:02:01	3322	93149	28.04	0	175
HLA-B*42:01:01	3322	89832	27.04	0	175
HLA-B*42:02	2675	84622	31.63	0	175
HLA-B*42:08	3165	92914	29.36	0	175
HLA-B*44:02:01:01	3323	117136	35.25	0	176
HLA-B*44:02:01:02S	3152	111626	35.41	0	176
HLA-B*44:02:01:03	3152	115097	36.52	0	176
HLA-B*44:02:17	3323	111660	33.60	0	176
HLA-B*44:02:27	2872	109177	38.01	0	176
HLA-B*44:03:01	3323	116950	35.19	0	176
HLA-B*44:03:02	2676	109174	40.80	0	176
HLA-B*44:04	3239	121359	37.47	0	176
HLA-B*44:09	3317	122841	37.03	0	176
HLA-B*44:138Q	3043	188325	61.89	0	254
HLA-B*44:150	2676	90274	33.73	0	176
HLA-B*44:23N	3323	113154	34.05	0	176
HLA-B*44:26	2804	116031	41.38	0	176
HLA-B*44:46	3323	128000	38.52	0	176
HLA-B*44:49	3039	117567	38.69	0	176
HLA-B*44:56N	2676	118863	44.42	0	176
HLA-B*45:01:01	3338	189398	56.74	0	254
HLA-B*45:04	3339	193115	57.84	0	254
HLA-B*46:01:01	3336	197650	59.25	0	254
HLA-B*46:01:05	2891	193382	66.89	0	254
HLA-B*47:01:01:01	3041	109413	35.98	0	193
HLA-B*47:01:01:02	3041	109333	35.95	0	193
HLA-B*48:01:01	3323	94031	28.30	0	242
HLA-B*48:03:01	2676	89133	33.31	0	242
HLA-B*48:04	2676	99911	37.34	0	242
HLA-B*48:08	3323	95789	28.83	0	222
HLA-B*49:01:01	3340	186563	55.86	0	254
HLA-B*49:32	3340	183880	55.05	0	254
HLA-B*50:01:01	3340	191160	57.23	0	254
HLA-B*51:01:01	3327	239081	71.86	0	349
HLA-B*51:01:02	3043	239045	78.56	0	350
HLA-B*51:02:01	3327	244196	73.40	0	350
HLA-B*51:07:01	3327	236423	71.06	0	350
HLA-B*51:42	2962	139060	46.95	0	175
HLA-B*52:01:01:01	3327	242744	72.96	0	349
HLA-B*52:01:01:02	3327	242901	73.01	0	349
HLA-B*52:01:01:03	3327	242818	72.98	0	351
HLA-B*52:01:02	3327	236840	71.19	0	350
HLA-B*53:01:01	3327	257631	77.44	0	350
HLA-B*53:11	3274	258808	79.05	0	349
HLA-B*54:01:01	3332	197770	59.35	0	254
HLA-B*54:18	2813	188669	67.07	0	254
HLA-B*55:01:01	3332	192460	57.76	0	254
HLA-B*55:01:03	3332	180414	54.15	0	255
HLA-B*55:02:01	3333	196989	59.10	0	254
HLA-B*55:12	3332	196455	58.96	0	254
HLA-B*55:24	3332	191517	57.48	0	254
HLA-B*55:48	2980	184528	61.92	0	254
HLA-B*56:01:01	2688	178319	66.34	0	254
HLA-B*56:03	2688	192155	71.49	0	254
HLA-B*56:04	2688	183799	68.38	0	254
HLA-B*57:01:01	3337	148844	44.60	0	248
HLA-B*57:03:01	2689	140623	52.30	0	248
HLA-B*57:06	3284	148376	45.18	0	248
HLA-B*57:11	3306	149309	45.16	0	248
HLA-B*57:29	3337	141116	42.29	0	248
HLA-B*58:01:01	3336	248623	74.53	0	350
HLA-B*58:31N	3004	224929	74.88	0	346
HLA-B*59:01:01:01	3333	196506	58.96	0	254
HLA-B*59:01:01:02	3332	196585	59.00	0	254
HLA-B*67:01:01	3312	131671	39.76	0	240
HLA-B*67:01:02	2675	112415	42.02	0	240
HLA-B*67:02	3307	118757	35.91	0	197
HLA-B*73:01	3323	81348	24.48	0	214
HLA-B*78:01:01	3327	238979	71.83	0	350
HLA-B*81:01	2676	81617	30.50	0	242
HLA-B*82:02:01	3050	187104	61.35	0	248
HLA-C*01:02:01	3349	119686	35.74	0	207
HLA-C*01:02:11	3057	105770	34.60	0	207
HLA-C*01:02:29	3349	119685	35.74	0	207
HLA-C*01:02:30	3333	119676	35.91	0	207
HLA-C*01:03	3349	120749	36.06	0	207
HLA-C*01:06	2895	98259	33.94	0	207
HLA-C*01:08	3349	118766	35.46	0	207
HLA-C*01:14	2895	100756	34.80	0	207
HLA-C*01:21	2895	130193	44.97	0	200
HLA-C*01:30	3349	113463	33.88	0	207
HLA-C*01:40	2968	110119	37.10	0	207
HLA-C*02:02:02:01	3347	97789	29.22	0	150
HLA-C*02:02:02:02	3347	103062	30.79	0	150
HLA-C*02:10	2893	96429	33.33	0	198
HLA-C*02:11	3320	95249	28.69	0	150
HLA-C*02:16:02	3029	84453	27.88	0	150
HLA-C*02:69	2933	86527	29.50	0	151
HLA-C*02:85	3347	98614	29.46	0	151
HLA-C*02:86	3347	96265	28.76	0	151
HLA-C*02:87	3064	99116	32.35	0	150
HLA-C*03:02:01	2894	84330	29.14	0	201
HLA-C*03:02:02:01	3348	99296	29.66	0	201
HLA-C*03:02:02:02	2896	79176	27.34	0	201
HLA-C*03:02:02:03	3348	99294	29.66	0	201
HLA-C*03:03:01	3348	98619	29.46	0	201
HLA-C*03:04:01:01	3348	99758	29.80	0	201
HLA-C*03:04:01:02	3348	99528	29.73	0	201
HLA-C*03:04:02	2877	79649	27.68	0	201
HLA-C*03:04:04	2966	85645	28.88	0	201
HLA-C*03:05	2894	81910	28.30	0	202
HLA-C*03:06	2894	81825	28.27	0	201
HLA-C*03:100	3034	94148	31.03	0	199
HLA-C*03:13:01	3065	91700	29.92	0	201
HLA-C*03:20N	3321	94300	28.40	0	201
HLA-C*03:219	3070	89908	29.29	0	169
HLA-C*03:261	3348	99353	29.68	0	200
HLA-C*03:40:01	2894	91651	31.67	0	200
HLA-C*03:41:02	3328	100728	30.27	0	200
HLA-C*03:46	2997	81197	27.09	0	200
HLA-C*03:61	2894	82196	28.40	0	200
HLA-C*04:01:01:01	3349	151794	45.33	0	180
HLA-C*04:01:01:02	3349	151825	45.33	0	180
HLA-C*04:01:01:03	3349	150401	44.91	0	180
HLA-C*04:01:01:04	3012	135148	44.87	0	180
HLA-C*04:01:01:05	2931	136490	46.57	0	180
HLA-C*04:01:62	3329	151236	45.43	0	180
HLA-C*04:03:01	3349	148795	44.43	0	180
HLA-C*04:06	3349	147424	44.02	0	180
HLA-C*04:09N	2991	142341	47.59	0	180
HLA-C*04:128	3086	146588	47.50	0	180
HLA-C*04:161	3237	147493	45.56	0	180
HLA-C*04:177	3349	148090	44.22	0	180
HLA-C*04:70	3058	144020	47.10	0	182
HLA-C*04:71	3086	148259	48.04	0	182
HLA-C*05:01:01:01	3349	126160	37.67	0	197
HLA-C*05:01:01:02	3349	126529	37.78	0	197
HLA-C*05:08	3059	121878	39.84	0	202
HLA-C*05:09:01	3322	136024	40.95	0	202
HLA-C*05:93	2946	106271	36.07	0	138
HLA-C*06:02:01:01	3349	173011	51.66	0	204
HLA-C*06:02:01:02	3349	172850	51.61	0	204
HLA-C*06:02:01:03	3349	170572	50.93	0	203
HLA-C*06:23	3349	171781	51.29	0	205
HLA-C*06:24	3349	170347	50.87	0	205
HLA-C*06:46N	2987	156728	52.47	0	203
HLA-C*07:01:01:01	3354	41460	12.36	0	137
HLA-C*07:01:01:02	3093	40533	13.10	0	137
HLA-C*07:01:02	3352	41530	12.39	0	137
HLA-C*07:01:19	3354	41530	12.38	0	137
HLA-C*07:01:27	3195	29423	9.21	0	83
HLA-C*07:01:45	3354	41307	12.32	0	137
HLA-C*07:02:01:01	3354	40460	12.06	0	122
HLA-C*07:02:01:02	3074	39545	12.86	0	122
HLA-C*07:02:01:03	3354	39932	11.91	0	122
HLA-C*07:02:01:04	3353	39780	11.86	0	122
HLA-C*07:02:01:05	3354	39708	11.84	0	122
HLA-C*07:02:05	2903	28556	9.84	0	109
HLA-C*07:02:06	3354	39556	11.79	0	122
HLA-C*07:02:64	3354	36580	10.91	0	122
HLA-C*07:04:01	3354	41036	12.23	0	137
HLA-C*07:04:02	3343	38303	11.46	0	137
HLA-C*07:06	3354	40614	12.11	0	137
HLA-C*07:149	3098	34033	10.99	0	109
HLA-C*07:18	3353	41058	12.25	0	137
HLA-C*07:19	3222	31129	9.66	0	81
HLA-C*07:26	3069	30067	9.80	0	82
HLA-C*07:30	2903	26595	9.16	0	82
HLA-C*07:32N	3334	38722	11.61	0	124
HLA-C*07:384	3349	25717	7.68	0	109
HLA-C*07:385	3354	38023	11.34	0	137
HLA-C*07:386	3183	27279	8.57	0	82
HLA-C*07:391	3354	35358	10.54	0	124
HLA-C*07:392	3354	36422	10.86	0	124
HLA-C*07:49	2935	30612	10.43	0	114
HLA-C*07:56:02	3354	35079	10.46	0	124
HLA-C*07:66	3354	39762	11.86	0	124
HLA-C*07:67	3354	39159	11.68	0	124
HLA-C*08:01:01	3349	124083	37.05	0	203
HLA-C*08:01:03	2998	113177	37.75	0	203
HLA-C*08:02:01:01	3349	127709	38.13	0	203
HLA-C*08:02:01:02	3349	127865	38.18	0	203
HLA-C*08:03:01	3349	124083	37.05	0	203
HLA-C*08:04:01	2895	108282	37.40	0	204
HLA-C*08:112	3178	116823	36.76	0	203
HLA-C*08:20	3349	110672	33.05	0	137
HLA-C*08:21	3349	125702	37.53	0	203
HLA-C*08:22	3349	118844	35.49	0	203
HLA-C*08:24	2895	103134	35.62	0	203
HLA-C*08:27	3349	126788	37.86	0	203
HLA-C*08:36N	3097	111270	35.93	0	203
HLA-C*08:40	2978	98861	33.20	0	137
HLA-C*08:41	3019	116951	38.74	0	203
HLA-C*08:62	3086	121126	39.25	0	204
HLA-C*12:02:02	3349	152528	45.54	0	205
HLA-C*12:03:01:01	3349	155365	46.39	0	205
HLA-C*12:03:01:02	3348	154963	46.29	0	205
HLA-C*12:08	3066	142887	46.60	0	205
HLA-C*12:13	3058	146627	47.95	0	205
HLA-C*12:19	3349	152025	45.39	0	205
HLA-C*12:22	2895	133892	46.25	0	205
HLA-C*12:99	3349	152865	45.64	0	205
HLA-C*14:02:01	3349	130034	38.83	0	211
HLA-C*14:03	3349	127899	38.19	0	211
HLA-C*14:21N	3099	117035	37.77	0	211
HLA-C*14:23	2976	118402	39.79	0	211
HLA-C*15:02:01	3349	118226	35.30	0	205
HLA-C*15:05:01	3349	122990	36.72	0	205
HLA-C*15:05:02	3349	123004	36.73	0	205
HLA-C*15:13	2895	93231	32.20	0	205
HLA-C*15:16	3066	128577	41.94	0	205
HLA-C*15:17	3349	121685	36.33	0	205
HLA-C*15:96Q	3349	114800	34.28	0	205
HLA-C*16:01:01	3349	123474	36.87	0	139
HLA-C*16:02:01	2895	107724	37.21	0	137
HLA-C*16:04:01	3349	123557	36.89	0	139
HLA-C*17:01:01:01	3368	71918	21.35	0	138
HLA-C*17:01:01:02	3368	73818	21.92	0	138
HLA-C*17:01:01:03	3368	65125	19.34	0	131
HLA-C*17:03	3197	58301	18.24	0	131
HLA-C*18:01	3346	143865	43.00	0	190
HLA-DQA1*01:01:02	6489	41580	6.41	0	137
HLA-DQA1*01:02:01:01	6484	39512	6.09	0	123
HLA-DQA1*01:02:01:02	6485	39512	6.09	0	123
HLA-DQA1*01:02:01:03	6485	39512	6.09	0	123
HLA-DQA1*01:02:01:04	6492	32429	5.00	0	123
HLA-DQA1*01:03:01:01	6485	43296	6.68	0	135
HLA-DQA1*01:03:01:02	6492	43296	6.67	0	135
HLA-DQA1*01:04:01:01	6484	40140	6.19	0	123
HLA-DQA1*01:04:01:02	6485	40140	6.19	0	123
HLA-DQA1*01:05:01	6485	47101	7.26	0	137
HLA-DQA1*01:07	5959	40140	6.74	0	123
HLA-DQA1*01:10	5790	43292	7.48	0	135
HLA-DQA1*01:11	5926	39061	6.59	0	123
HLA-DQA1*02:01	6403	20681	3.23	0	126
HLA-DQA1*03:01:01	6437	22786	3.54	0	126
HLA-DQA1*03:02	6437	17200	2.67	0	90
HLA-DQA1*03:03:01	6437	17416	2.71	0	90
HLA-DQA1*04:01:02:01	5853	131360	22.44	0	201
HLA-DQA1*04:01:02:02	5666	130670	23.06	0	202
HLA-DQA1*04:02	6210	125558	20.22	0	198
HLA-DQA1*05:01:01:01	5806	128633	22.16	0	203
HLA-DQA1*05:01:01:02	6529	131008	20.07	0	203
HLA-DQA1*05:03	6121	129934	21.23	0	203
HLA-DQA1*05:05:01:01	6593	128403	19.48	0	204
HLA-DQA1*05:05:01:02	6597	128403	19.46	0	204
HLA-DQA1*05:05:01:03	6393	128375	20.08	0	204
HLA-DQA1*05:11	6589	124427	18.88	0	204
HLA-DQA1*06:01:01	5878	135035	22.97	0	227
HLA-DQB1*02:01:01	7480	58504	7.82	0	159
HLA-DQB1*02:02:01	7471	57618	7.71	0	159
HLA-DQB1*03:01:01:01	7231	44155	6.11	0	140
HLA-DQB1*03:01:01:02	7230	43623	6.03	0	140
HLA-DQB1*03:01:01:03	7231	44155	6.11	0	140
HLA-DQB1*03:02:01	7126	56496	7.93	0	156
HLA-DQB1*03:03:02:01	7126	56749	7.96	0	157
HLA-DQB1*03:03:02:02	7126	56763	7.97	0	157
HLA-DQB1*03:03:02:03	6800	56233	8.27	0	156
HLA-DQB1*03:05:01	6934	58737	8.47	0	156
HLA-DQB1*05:01:01:01	7090	15606	2.20	0	98
HLA-DQB1*05:01:01:02	7090	15606	2.20	0	98
HLA-DQB1*05:03:01:01	7089	20102	2.84	0	98
HLA-DQB1*05:03:01:02	7089	20102	2.84	0	98
HLA-DQB1*06:01:01	7111	33871	4.76	0	138
HLA-DQB1*06:02:01	7102	22796	3.21	0	94
HLA-DQB1*06:03:01	7103	22164	3.12	0	94
HLA-DQB1*06:09:01	7102	22923	3.23	0	94
HLA-DRB1*01:01:01	10741	16784	1.56	0	53
HLA-DRB1*01:02:01	11229	16936	1.51	0	53
HLA-DRB1*03:01:01:01	13908	157355	11.31	0	481
HLA-DRB1*03:01:01:02	13426	156697	11.67	0	482
HLA-DRB1*04:03:01	15246	51570	3.38	0	316
HLA-DRB1*07:01:01:01	16110	21254	1.32	0	118
HLA-DRB1*07:01:01:02	16120	21254	1.32	0	118
HLA-DRB1*08:03:02	13562	163770	12.08	0	488
HLA-DRB1*09:21	16039	29102	1.81	0	122
HLA-DRB1*10:01:01	13501	74940	5.55	0	220
HLA-DRB1*11:01:01	13921	157727	11.33	0	482
HLA-DRB1*11:01:02	13931	157709	11.32	0	479
HLA-DRB1*11:04:01	13919	157111	11.29	0	482
HLA-DRB1*12:01:01	13404	153397	11.44	0	485
HLA-DRB1*12:17	11260	27232	2.42	0	149
HLA-DRB1*13:01:01	13935	154134	11.06	0	481
HLA-DRB1*13:02:01	13941	154924	11.11	0	482
HLA-DRB1*14:05:01	13933	155245	11.14	0	481
HLA-DRB1*14:54:01	13936	154861	11.11	0	482
HLA-DRB1*15:01:01:01	11080	26263	2.37	0	160
HLA-DRB1*15:01:01:02	11571	26562	2.30	0	160
HLA-DRB1*15:01:01:03	11056	26491	2.40	0	160
HLA-DRB1*15:01:01:04	11056	26491	2.40	0	160
HLA-DRB1*15:02:01	10313	26118	2.53	0	160
HLA-DRB1*15:03:01:01	11567	26562	2.30	0	160
HLA-DRB1*15:03:01:02	11569	26638	2.30	0	160
HLA-DRB1*16:02:01	11005	26414	2.40	0	160
total	3213768698	5800961074	1.81	0	5457
